DensitySphericalHarmonic
50	#n_radial
4	#l_max
0	#unused
#rho
#radius	l=0,m=0	l=1,m=-1	l=1,m=0	l=1,m=1	l=2,m=-2	l=2,m=-1	l=2,m=0	l=2,m=1	l=2,m=2	l=3,m=-3	l=3,m=-2	l=3,m=-1	l=3,m=0	l=3,m=1	l=3,m=2	l=3,m=3	l=4,m=-4	l=4,m=-3	l=4,m=-2	l=4,m=-1	l=4,m=0	l=4,m=1	l=4,m=2	l=4,m=3	l=4,m=4
0.1000000000000	1061582318.7297	0	0	0	0	0	-9560590.565784	0	0	0	0	0	0	0	0	0	0	0	0	0	-368861.4933983	0	0	0	0
0.1247088708531	927350887.54454	0	0	0	0	0	-9328636.904560	0	0	0	0	0	0	0	0	0	0	0	0	0	-181377.4909084	0	0	0	0
0.1555230246945	803533072.88553	0	0	0	0	0	-9196272.499714	0	0	0	0	0	0	0	0	0	0	0	0	0	-621424.5595650	0	0	0	0
0.1939510080132	691014111.10805	0	0	0	0	0	-7038674.247958	0	0	0	0	0	0	0	0	0	0	0	0	0	135515.98172332	0	0	0	0
0.2418741121014	586332975.21441	0	0	0	0	0	-9084177.288397	0	0	0	0	0	0	0	0	0	0	0	0	0	-509942.5719865	0	0	0	0
0.3016384740876	493317620.73779	0	0	0	0	0	-9861362.971349	0	0	0	0	0	0	0	0	0	0	0	0	0	-645978.9101448	0	0	0	0
0.3761699350932	410726958.64264	0	0	0	0	0	-10370952.54907	0	0	0	0	0	0	0	0	0	0	0	0	0	-351750.4848660	0	0	0	0
0.4691172785435	338012042.39215	0	0	0	0	0	-10898935.13221	0	0	0	0	0	0	0	0	0	0	0	0	0	100806.74000062	0	0	0	0
0.5850308610484	274714394.19386	0	0	0	0	0	-11161472.80732	0	0	0	0	0	0	0	0	0	0	0	0	0	538645.23048411	0	0	0	0
0.7295853809557	220602109.94482	0	0	0	0	0	-11048866.44979	0	0	0	0	0	0	0	0	0	0	0	0	0	1183714.3014505	0	0	0	0
0.9098576904991	174852991.32179	0	0	0	0	0	-10448956.95735	0	0	0	0	0	0	0	0	0	0	0	0	0	1765765.6735524	0	0	0	0
1.1346732521915	137067767.86117	0	0	0	0	0	-9497706.625431	0	0	0	0	0	0	0	0	0	0	0	0	0	2149689.5752572	0	0	0	0
1.4150382006801	106497776.36955	0	0	0	0	0	-8295420.946134	0	0	0	0	0	0	0	0	0	0	0	0	0	2367003.9496990	0	0	0	0
1.7646781622082	82017017.837919	0	0	0	0	0	-6925525.558658	0	0	0	0	0	0	0	0	0	0	0	0	0	2317187.7761958	0	0	0	0
2.2007102102810	62667583.932890	0	0	0	0	0	-5646531.209372	0	0	0	0	0	0	0	0	0	0	0	0	0	2096514.4549361	0	0	0	0
2.7444808539903	47483487.078671	0	0	0	0	0	-4436463.350317	0	0	0	0	0	0	0	0	0	0	0	0	0	1802546.5615038	0	0	0	0
3.4226110837907	35638867.120174	0	0	0	0	0	-3337841.773861	0	0	0	0	0	0	0	0	0	0	0	0	0	1446090.9184507	0	0	0	0
4.2682996362884	26400230.769614	0	0	0	0	0	-2379869.645365	0	0	0	0	0	0	0	0	0	0	0	0	0	1099226.8918081	0	0	0	0
5.3229482810421	19301167.772651	0	0	0	0	0	-1617644.010942	0	0	0	0	0	0	0	0	0	0	0	0	0	766038.61253326	0	0	0	0
6.6381886973820	13890979.440959	0	0	0	0	0	-1033422.333194	0	0	0	0	0	0	0	0	0	0	0	0	0	494746.54657499	0	0	0	0
8.2784101696031	9839159.6491840	0	0	0	0	0	-617159.1901641	0	0	0	0	0	0	0	0	0	0	0	0	0	294408.67488779	0	0	0	0
10.323911847100	6866787.7234206	0	0	0	0	0	-347598.1971007	0	0	0	0	0	0	0	0	0	0	0	0	0	156845.63384892	0	0	0	0
12.874833892388	4720867.9075722	0	0	0	0	0	-184328.8674146	0	0	0	0	0	0	0	0	0	0	0	0	0	74421.208221202	0	0	0	0
16.056059971409	3187074.2678193	0	0	0	0	0	-92015.95292396	0	0	0	0	0	0	0	0	0	0	0	0	0	31157.752017857	0	0	0	0
20.023331093840	2115665.1996636	0	0	0	0	0	-43639.25651746	0	0	0	0	0	0	0	0	0	0	0	0	0	3588.7731937458	0	0	0	0
24.970870114305	1360991.2350746	0	0	0	0	0	-17121.05435974	0	0	0	0	0	0	0	0	0	0	0	0	0	1451.6151388253	0	0	0	0
31.140890161743	848947.94224060	0	0	0	0	0	-5462.515600067	0	0	0	0	0	0	0	0	0	0	0	0	0	45.706910328064	0	0	0	0
38.835452494314	510901.40026023	0	0	0	0	0	-1282.617781278	0	0	0	0	0	0	0	0	0	0	0	0	0	-36.87155514777	0	0	0	0
48.431254296350	294169.23654952	0	0	0	0	0	-49.21936970384	0	0	0	0	0	0	0	0	0	0	0	0	0	-99.08497428530	0	0	0	0
60.398070372970	161066.26995798	0	0	0	0	0	340.87229815392	0	0	0	0	0	0	0	0	0	0	0	0	0	-202.3943587499	0	0	0	0
75.321751579191	83534.587717433	0	0	0	0	0	211.23057849693	0	0	0	0	0	0	0	0	0	0	0	0	0	-88.50198123453	0	0	0	0
93.932905901184	40764.881932980	0	0	0	0	0	101.65760188048	0	0	0	0	0	0	0	0	0	0	0	0	0	-18.23320109105	0	0	0	0
117.14266630887	18627.042967739	0	0	0	0	0	45.591939566961	0	0	0	0	0	0	0	0	0	0	0	0	0	-10.21897048611	0	0	0	0
146.08729644100	7913.7610522634	0	0	0	0	0	18.117973728569	0	0	0	0	0	0	0	0	0	0	0	0	0	-2.869564748220	0	0	0	0
182.18381785139	3105.8504890666	0	0	0	0	0	6.0357994355948	0	0	0	0	0	0	0	0	0	0	0	0	0	-1.479451354828	0	0	0	0
227.19938211954	1115.5959800215	0	0	0	0	0	1.8243337737130	0	0	0	0	0	0	0	0	0	0	0	0	0	-0.325733295908	0	0	0	0
283.33778402649	362.35871125048	0	0	0	0	0	0.5531316520710	0	0	0	0	0	0	0	0	0	0	0	0	0	-0.092566822102	0	0	0	0
353.34735115963	104.76198033806	0	0	0	0	0	0.1493640709968	0	0	0	0	0	0	0	0	0	0	0	0	0	-0.026028148273	0	0	0	0
440.65549182050	26.385387669725	0	0	0	0	0	0.0309954444858	0	0	0	0	0	0	0	0	0	0	0	0	0	-0.009055057394	0	0	0	0
549.53648820151	5.6298600138143	0	0	0	0	0	0.0072446242021	0	0	0	0	0	0	0	0	0	0	0	0	0	-0.001084386732	0	0	0	0
685.32074936188	0.9810219029895	0	0	0	0	0	0.0012991468169	0	0	0	0	0	0	0	0	0	0	0	0	0	-9.677332210e-5	0	0	0	0
854.65576825118	0.1333618695067	0	0	0	0	0	1.0112039969e-4	0	0	0	0	0	0	0	0	0	0	0	0	0	7.8736337558e-5	0	0	0	0
1065.8315582669	0.0133269670907	0	0	0	0	0	1.6154047599e-5	0	0	0	0	0	0	0	0	0	0	0	0	0	-4.311837505e-7	0	0	0	0
1329.1865015107	9.1321893219e-4	0	0	0	0	0	8.9988590190e-7	0	0	0	0	0	0	0	0	0	0	0	0	0	-2.444408180e-8	0	0	0	0
1657.6134775657	3.9279206718e-5	0	0	0	0	0	2.5155055383e-8	0	0	0	0	0	0	0	0	0	0	0	0	0	1.8289093229e-9	0	0	0	0
2067.1910509810	9.5067259217e-7	0	0	0	0	0	4.721388324e-10	0	0	0	0	0	0	0	0	0	0	0	0	0	3.122954461e-10	0	0	0	0
2577.9706180547	1.1299558986e-8	0	0	0	0	0	2.855850404e-12	0	0	0	0	0	0	0	0	0	0	0	0	0	1.798864418e-12	0	0	0	0
3214.9580487006	5.543590611e-11	0	0	0	0	0	1.442213091e-14	0	0	0	0	0	0	0	0	0	0	0	0	0	1.253071741e-14	0	0	0	0
4009.3378809354	9.026228748e-14	0	0	0	0	0	2.184756434e-17	0	0	0	0	0	0	0	0	0	0	0	0	0	9.867017168e-18	0	0	0	0
5000.0000000000	3.708184979e-17	0	0	0	0	0	8.222615486e-21	0	0	0	0	0	0	0	0	0	0	0	0	0	2.423447040e-21	0	0	0	0
