DensitySphericalHarmonic
50	#n_radial
4	#l_max
0	#unused
#rho
#radius	l=0,m=0	l=1,m=-1	l=1,m=0	l=1,m=1	l=2,m=-2	l=2,m=-1	l=2,m=0	l=2,m=1	l=2,m=2	l=3,m=-3	l=3,m=-2	l=3,m=-1	l=3,m=0	l=3,m=1	l=3,m=2	l=3,m=3	l=4,m=-4	l=4,m=-3	l=4,m=-2	l=4,m=-1	l=4,m=0	l=4,m=1	l=4,m=2	l=4,m=3	l=4,m=4
0.1000000000000	1091572216.4515	0	0	0	0	0	-8003843.102025	0	0	0	0	0	0	0	0	0	0	0	0	0	-402281.9228168	0	0	0	0
0.1247088708531	953621634.66993	0	0	0	0	0	-8247104.005214	0	0	0	0	0	0	0	0	0	0	0	0	0	-537130.9948173	0	0	0	0
0.1555230246945	824848468.65099	0	0	0	0	0	-8461674.918127	0	0	0	0	0	0	0	0	0	0	0	0	0	-624818.5473912	0	0	0	0
0.1939510080132	707493591.92960	0	0	0	0	0	-7573137.916910	0	0	0	0	0	0	0	0	0	0	0	0	0	-163998.8650198	0	0	0	0
0.2418741121014	600008113.12787	0	0	0	0	0	-8680424.265114	0	0	0	0	0	0	0	0	0	0	0	0	0	-584791.4260635	0	0	0	0
0.3016384740876	503523237.48504	0	0	0	0	0	-9399368.182224	0	0	0	0	0	0	0	0	0	0	0	0	0	-865787.2222098	0	0	0	0
0.3761699350932	418296677.68829	0	0	0	0	0	-10245476.10833	0	0	0	0	0	0	0	0	0	0	0	0	0	-271426.7300530	0	0	0	0
0.4691172785435	343510311.18557	0	0	0	0	0	-10908927.56906	0	0	0	0	0	0	0	0	0	0	0	0	0	16569.085727132	0	0	0	0
0.5850308610484	278581043.40787	0	0	0	0	0	-11095598.14164	0	0	0	0	0	0	0	0	0	0	0	0	0	614248.98125628	0	0	0	0
0.7295853809557	223021194.58625	0	0	0	0	0	-10987691.09809	0	0	0	0	0	0	0	0	0	0	0	0	0	1293843.3484331	0	0	0	0
0.9098576904991	176535445.18157	0	0	0	0	0	-10433216.08888	0	0	0	0	0	0	0	0	0	0	0	0	0	1773415.2711362	0	0	0	0
1.1346732521915	138200388.85443	0	0	0	0	0	-9412657.745202	0	0	0	0	0	0	0	0	0	0	0	0	0	2163824.8268328	0	0	0	0
1.4150382006801	107253842.86781	0	0	0	0	0	-8190309.459848	0	0	0	0	0	0	0	0	0	0	0	0	0	2382305.6140112	0	0	0	0
1.7646781622082	82545500.280417	0	0	0	0	0	-6901372.749307	0	0	0	0	0	0	0	0	0	0	0	0	0	2262731.3939298	0	0	0	0
2.2007102102810	63064066.662002	0	0	0	0	0	-5635928.502972	0	0	0	0	0	0	0	0	0	0	0	0	0	2098302.8358067	0	0	0	0
2.7444808539903	47817881.914693	0	0	0	0	0	-4464616.917667	0	0	0	0	0	0	0	0	0	0	0	0	0	1834918.8005886	0	0	0	0
3.4226110837907	35872626.060900	0	0	0	0	0	-3365196.144207	0	0	0	0	0	0	0	0	0	0	0	0	0	1465808.5292437	0	0	0	0
4.2682996362884	26583749.267176	0	0	0	0	0	-2398511.702536	0	0	0	0	0	0	0	0	0	0	0	0	0	1113556.0873944	0	0	0	0
5.3229482810421	19430314.955448	0	0	0	0	0	-1624474.823768	0	0	0	0	0	0	0	0	0	0	0	0	0	768225.25897530	0	0	0	0
6.6381886973820	13972752.428527	0	0	0	0	0	-1034438.124850	0	0	0	0	0	0	0	0	0	0	0	0	0	494545.21400102	0	0	0	0
8.2784101696031	9892407.5313159	0	0	0	0	0	-614092.0301747	0	0	0	0	0	0	0	0	0	0	0	0	0	291891.22160671	0	0	0	0
10.323911847100	6904111.9408032	0	0	0	0	0	-345333.8313608	0	0	0	0	0	0	0	0	0	0	0	0	0	152773.12141578	0	0	0	0
12.874833892388	4743726.3118392	0	0	0	0	0	-182242.8585885	0	0	0	0	0	0	0	0	0	0	0	0	0	73225.349746664	0	0	0	0
16.056059971409	3201866.8034255	0	0	0	0	0	-90567.12362047	0	0	0	0	0	0	0	0	0	0	0	0	0	30360.714203913	0	0	0	0
20.023331093840	2124012.5696572	0	0	0	0	0	-42343.31398921	0	0	0	0	0	0	0	0	0	0	0	0	0	3797.5854824885	0	0	0	0
24.970870114305	1365925.5522585	0	0	0	0	0	-16158.26622591	0	0	0	0	0	0	0	0	0	0	0	0	0	1234.7235871506	0	0	0	0
31.140890161743	851313.30077748	0	0	0	0	0	-5192.224113361	0	0	0	0	0	0	0	0	0	0	0	0	0	103.20548420832	0	0	0	0
38.835452494314	511706.58870439	0	0	0	0	0	-1332.606648546	0	0	0	0	0	0	0	0	0	0	0	0	0	-6.792090189746	0	0	0	0
48.431254296350	294306.32967658	0	0	0	0	0	-147.7177408364	0	0	0	0	0	0	0	0	0	0	0	0	0	-58.13035126179	0	0	0	0
60.398070372970	160946.25402015	0	0	0	0	0	314.83250315189	0	0	0	0	0	0	0	0	0	0	0	0	0	-199.3411583435	0	0	0	0
75.321751579191	83383.057729102	0	0	0	0	0	206.30847881895	0	0	0	0	0	0	0	0	0	0	0	0	0	-83.61579539617	0	0	0	0
93.932905901184	40665.265490530	0	0	0	0	0	103.57474249721	0	0	0	0	0	0	0	0	0	0	0	0	0	-29.51408523084	0	0	0	0
117.14266630887	18563.534821060	0	0	0	0	0	49.993898197456	0	0	0	0	0	0	0	0	0	0	0	0	0	-11.18347744288	0	0	0	0
146.08729644100	7884.5412212612	0	0	0	0	0	19.474358681781	0	0	0	0	0	0	0	0	0	0	0	0	0	-2.908340579114	0	0	0	0
182.18381785139	3094.1826853104	0	0	0	0	0	6.5344120944762	0	0	0	0	0	0	0	0	0	0	0	0	0	-1.446289928178	0	0	0	0
227.19938211954	1111.5711023359	0	0	0	0	0	1.9778627762538	0	0	0	0	0	0	0	0	0	0	0	0	0	-0.406099568226	0	0	0	0
283.33778402649	361.08962618912	0	0	0	0	0	0.5947847365537	0	0	0	0	0	0	0	0	0	0	0	0	0	-0.090152444148	0	0	0	0
353.34735115963	104.41905830412	0	0	0	0	0	0.1589936758813	0	0	0	0	0	0	0	0	0	0	0	0	0	-0.027592845648	0	0	0	0
440.65549182050	26.308512124977	0	0	0	0	0	0.0327647328489	0	0	0	0	0	0	0	0	0	0	0	0	0	-0.005934440855	0	0	0	0
549.53648820151	5.6137167010034	0	0	0	0	0	0.0087905365435	0	0	0	0	0	0	0	0	0	0	0	0	0	-8.811802153e-4	0	0	0	0
685.32074936188	0.9782929230535	0	0	0	0	0	0.0016676828174	0	0	0	0	0	0	0	0	0	0	0	0	0	-2.978144354e-4	0	0	0	0
854.65576825118	0.1330469559874	0	0	0	0	0	1.1694555214e-4	0	0	0	0	0	0	0	0	0	0	0	0	0	7.8874603350e-5	0	0	0	0
1065.8315582669	0.0132988968959	0	0	0	0	0	1.7589617205e-5	0	0	0	0	0	0	0	0	0	0	0	0	0	-5.079383757e-7	0	0	0	0
1329.1865015107	9.1154962575e-4	0	0	0	0	0	9.9448764970e-7	0	0	0	0	0	0	0	0	0	0	0	0	0	-1.785950176e-8	0	0	0	0
1657.6134775657	3.9218459562e-5	0	0	0	0	0	2.7521257830e-8	0	0	0	0	0	0	0	0	0	0	0	0	0	1.6816992313e-9	0	0	0	0
2067.1910509810	9.4949726660e-7	0	0	0	0	0	5.016397788e-10	0	0	0	0	0	0	0	0	0	0	0	0	0	2.907378777e-10	0	0	0	0
2577.9706180547	1.1287860665e-8	0	0	0	0	0	3.043058596e-12	0	0	0	0	0	0	0	0	0	0	0	0	0	1.739276471e-12	0	0	0	0
3214.9580487006	5.538389271e-11	0	0	0	0	0	1.457229392e-14	0	0	0	0	0	0	0	0	0	0	0	0	0	1.256692119e-14	0	0	0	0
4009.3378809354	9.017629262e-14	0	0	0	0	0	2.134774634e-17	0	0	0	0	0	0	0	0	0	0	0	0	0	9.060309865e-18	0	0	0	0
5000.0000000000	3.704094038e-17	0	0	0	0	0	8.053041101e-21	0	0	0	0	0	0	0	0	0	0	0	0	0	2.441927909e-21	0	0	0	0
