DensitySphericalHarmonic
30	#n_radial
4	#l_max
0	#unused
#rho
#radius	l=0,m=0	l=1,m=-1	l=1,m=0	l=1,m=1	l=2,m=-2	l=2,m=-1	l=2,m=0	l=2,m=1	l=2,m=2	l=3,m=-3	l=3,m=-2	l=3,m=-1	l=3,m=0	l=3,m=1	l=3,m=2	l=3,m=3	l=4,m=-4	l=4,m=-3	l=4,m=-2	l=4,m=-1	l=4,m=0	l=4,m=1	l=4,m=2	l=4,m=3	l=4,m=4
0.0100000000000	68508678485.974	0	0	0	0	0	-836746537.0588	0	0	0	0	0	0	0	0	0	0	0	0	0	43817274.620672	0	0	0	0
0.0122949341369	65114053441.531	0	0	0	0	0	-969163047.0000	0	0	0	0	0	0	0	0	0	0	0	0	0	51108692.966365	0	0	0	0
0.0151165405432	61260520697.915	0	0	0	0	0	-1128701996.876	0	0	0	0	0	0	0	0	0	0	0	0	0	73234493.172937	0	0	0	0
0.0185856870357	56957443396.842	0	0	0	0	0	-1276963005.179	0	0	0	0	0	0	0	0	0	0	0	0	0	102642977.13252	0	0	0	0
0.0228509797994	52234758505.375	0	0	0	0	0	-1434924335.001	0	0	0	0	0	0	0	0	0	0	0	0	0	118225819.47156	0	0	0	0
0.0280951291598	47149070807.713	0	0	0	0	0	-1540731047.093	0	0	0	0	0	0	0	0	0	0	0	0	0	137346747.92485	0	0	0	0
0.0345427762589	41705686244.267	0	0	0	0	0	-1595477206.330	0	0	0	0	0	0	0	0	0	0	0	0	0	264239014.58228	0	0	0	0
0.0424701159010	36326416225.896	0	0	0	0	0	-1549694309.033	0	0	0	0	0	0	0	0	0	0	0	0	0	86465493.235168	0	0	0	0
0.0522167277791	31046245865.279	0	0	0	0	0	-1579977589.426	0	0	0	0	0	0	0	0	0	0	0	0	0	165246417.33501	0	0	0	0
0.0642001228891	25952475803.411	0	0	0	0	0	-1471647466.667	0	0	0	0	0	0	0	0	0	0	0	0	0	139003210.03750	0	0	0	0
0.0789336282506	21223017207.294	0	0	0	0	0	-1314821545.330	0	0	0	0	0	0	0	0	0	0	0	0	0	142336247.42336	0	0	0	0
0.0970483760531	17032376322.458	0	0	0	0	0	-1138829293.658	0	0	0	0	0	0	0	0	0	0	0	0	0	120465888.68301	0	0	0	0
0.1193203391671	13411750222.560	0	0	0	0	0	-952421893.0594	0	0	0	0	0	0	0	0	0	0	0	0	0	100160112.37108	0	0	0	0
0.1467035711257	10377977698.558	0	0	0	0	0	-771558944.4738	0	0	0	0	0	0	0	0	0	0	0	0	0	77990101.465316	0	0	0	0
0.1803710744645	7897232606.4437	0	0	0	0	0	-611893422.6385	0	0	0	0	0	0	0	0	0	0	0	0	0	63191589.976571	0	0	0	0
0.2217650480752	5915516274.1130	0	0	0	0	0	-476198963.7512	0	0	0	0	0	0	0	0	0	0	0	0	0	46088208.688776	0	0	0	0
0.2726586659961	4362520097.9813	0	0	0	0	0	-365590905.9890	0	0	0	0	0	0	0	0	0	0	0	0	0	31816495.160378	0	0	0	0
0.3352320340290	3161902873.5110	0	0	0	0	0	-280172340.7309	0	0	0	0	0	0	0	0	0	0	0	0	0	24275743.715965	0	0	0	0
0.4121655778981	2247261036.0091	0	0	0	0	0	-214118850.7991	0	0	0	0	0	0	0	0	0	0	0	0	0	17460851.665279	0	0	0	0
0.5067548633773	1561161356.9626	0	0	0	0	0	-161406018.8986	0	0	0	0	0	0	0	0	0	0	0	0	0	15352286.691312	0	0	0	0
0.6230517668801	1055898673.5942	0	0	0	0	0	-121856380.2893	0	0	0	0	0	0	0	0	0	0	0	0	0	11938785.927339	0	0	0	0
0.7660380437699	689480317.57396	0	0	0	0	0	-90483670.18736	0	0	0	0	0	0	0	0	0	0	0	0	0	11745306.140269	0	0	0	0
0.9418387294546	430258364.29809	0	0	0	0	0	-64255522.43887	0	0	0	0	0	0	0	0	0	0	0	0	0	10698817.046015	0	0	0	0
1.1579845146270	253972728.19997	0	0	0	0	0	-43293598.07127	0	0	0	0	0	0	0	0	0	0	0	0	0	9733487.0510694	0	0	0	0
1.4237343338942	139396247.95243	0	0	0	0	0	-26971130.32642	0	0	0	0	0	0	0	0	0	0	0	0	0	7714173.0140668	0	0	0	0
1.7504719863739	69576905.748125	0	0	0	0	0	-15182653.14911	0	0	0	0	0	0	0	0	0	0	0	0	0	5432243.8767730	0	0	0	0
2.1521937781036	30536410.822395	0	0	0	0	0	-7436613.614507	0	0	0	0	0	0	0	0	0	0	0	0	0	3228780.0434842	0	0	0	0
2.6461080751729	11225500.909019	0	0	0	0	0	-3004199.107553	0	0	0	0	0	0	0	0	0	0	0	0	0	1541000.9877090	0	0	0	0
3.2533724503493	3202402.3071739	0	0	0	0	0	-922551.2406526	0	0	0	0	0	0	0	0	0	0	0	0	0	547476.56355161	0	0	0	0
4.0000000000000	628740.58272657	0	0	0	0	0	-185858.0625425	0	0	0	0	0	0	0	0	0	0	0	0	0	126530.66077440	0	0	0	0
