DensityAzimuthalHarmonic
20	#size_R
16	#size_z
0	#m_max
#rho
0	#m
#R(row)\z(col)	0.0000000000000	0.0500000000000	0.1160597982526	0.2033377371559	0.3186489978730	0.4709977702574	0.6722803536121	0.9382140905755	1.2895646708224	1.7537676397630	2.3670707292920	3.1773642965311	4.2479208880743	5.6623359371800	7.5310553929660	1.00000000000e1
0.0000000000000	1564874496.9147	1371901066.9787	1252095763.2295	980965693.01615	651856181.74983	349067984.84646	149212374.54279	62579846.406064	34193061.269995	21272916.273212	12521614.533652	6775990.5705160	3311637.4583638	1485100.5330223	669587.71302506	315702.76696940
0.1000000000000	1641462141.6061	1565477514.1686	1321192462.1425	972605761.72003	612814998.47202	318410687.86226	137420941.65400	60205041.301818	33819245.596624	21058667.457171	12395769.086380	6728400.8782243	3327051.1507685	1513908.0482484	686808.04933076	313941.74064325
0.2258078383053	1615521173.2472	1557303063.0078	1341433074.7023	980439702.19481	594534521.82114	296070062.66126	127020040.07979	58065760.645575	33547210.349152	20957370.338605	12297957.300440	6649841.5110679	3293685.1069129	1511202.4471813	688439.88353039	314588.30992686
0.3840839600957	1525812614.4586	1472646194.0975	1274071751.3269	932939380.37204	558149232.24677	270286958.78563	115430302.28522	55162693.265610	32962335.563581	20723044.814187	12163432.179858	6558027.5516143	3249673.4589886	1501463.4530399	688490.78589297	315697.00754208
0.5832077274736	1396366743.2057	1346802040.0113	1162009513.8592	848108892.26067	503568553.12626	239960611.02991	102580083.65048	51270072.173075	31832030.435808	20266626.936539	11904184.581088	6430752.0202753	3190915.8259800	1485274.6542522	685557.62242680	315714.89909729
0.8337210347637	1240754887.2623	1195406036.4731	1027559410.9955	745699044.26118	440130306.04456	208015228.48244	89124804.925350	46360178.994424	29934599.700725	19434081.382845	11557203.669415	6250016.1836049	3109368.4323582	1461037.4452991	679568.18716872	314250.14370102
1.1488864113325	1072083466.9754	1031955194.4268	883948319.97674	638734910.37203	375481932.62496	176678908.00901	75765880.019370	40503711.899133	27183482.024965	18098002.559198	10946281.908331	5975459.9496169	2996080.8497834	1424419.4414686	669595.98510285	312046.35175333
1.5453891586802	903427727.54778	868978156.41963	742745437.81810	534791191.21776	313558233.74663	147324272.54183	63127374.664685	34250308.278230	23719403.587042	16255789.837473	10048015.250704	5576842.1915294	2833453.2629542	1369092.0924904	653580.14609838	307878.39287139
2.0442206939394	743504559.04089	714727216.16328	609592259.34606	437806930.42037	256390825.80863	120464048.55530	51469985.021010	28034571.582687	19841662.590920	13975851.623130	8862101.0894911	5023658.4366100	2604749.9195909	1288657.5833624	628263.71403979	301159.00669341
2.6717898652339	592904975.63824	569311682.98180	484419765.53324	347244832.58281	203454556.33884	95916910.678335	40994701.606435	22253885.380967	15934528.174225	11471998.712063	7446771.8071863	4319571.3666463	2298666.4629387	1173724.8137378	590152.42372493	290989.09457419
3.4613210735097	441442354.74470	424082920.26778	361240025.82287	259851360.69761	153496082.24505	73228489.613599	31562631.921065	17060788.512529	12274005.738413	8964463.4498391	5904614.7731326	3507871.8361425	1920195.3904095	1020995.1225222	536327.51484284	271172.82591788
4.4546132193869	298010190.52757	286483759.63368	245459440.18756	177696152.02826	106787327.54543	52176367.720032	22983536.090339	12473993.131256	8990595.8158976	6627242.7209507	4431255.1660849	2662448.8529762	1496208.1169088	834479.97086212	464591.06597276	246672.98243821
5.7042525961708	177393106.35672	170758134.03953	146711751.00222	108114950.99917	66573206.962798	33767719.908805	15422685.950201	8480705.2463456	6131959.2717374	4559301.3635990	3074395.6336249	1863402.1258454	1072111.5861953	630682.81351312	378023.85300213	214363.17146849
7.2763968827140	91574899.929332	88281079.941877	76450331.454308	57220348.759078	36330247.769576	19308685.675662	9253165.5418208	5203894.4358442	3789899.9209229	2844797.8727139	1933390.6254253	1180463.7950014	695381.22580903	436111.43397254	284892.55113682	176649.98034615
9.2542776246536	39679609.547385	38333656.241664	33483633.349650	25559215.686086	16831539.148711	9451189.7443385	4806616.5262333	2787597.5504256	2050508.8230706	1556829.0332025	1069057.7130381	660636.99571055	403580.82515618	274588.66816537	197652.45334766	134155.85955636
11.742606630344	13913132.029447	13473234.072329	11889804.679824	9291792.9015213	6369819.4579581	3809620.4314539	2077472.1950466	1253050.4269803	931819.21307056	716012.35403761	499908.71980056	319135.05915543	210189.92354270	159426.01052626	126505.39232044	92956.013348808
14.873119562325	3766743.7562324	3660659.0525513	3277024.6914792	2639002.6234590	1902631.2420618	1224097.9593100	726996.59530452	463157.70487676	350422.55719162	274683.39410208	199140.54803772	137475.46114077	102897.04136774	87471.432542140	75018.210155333	59659.837980564
18.811550209918	744736.59473894	728467.67072794	668430.30522039	564832.39729117	437924.51239558	312247.80074225	209479.58433468	146048.82472599	114787.23642864	93802.999893478	73685.149473771	58033.111869802	49930.384022557	45953.210659717	41557.545732922	35345.935754071
23.766404670806	108790.11387100	107480.06306484	102607.72689763	93466.853494009	81020.585988286	67010.217375511	53581.253344243	43201.210464872	36742.119661773	32328.653812863	28441.987809160	25601.636511713	24139.106713804	23121.402821408	21658.350766418	19417.846466932
30.000000000000	17740.455071470	17698.688805294	17531.341943190	17184.082772430	16625.557558324	15865.496059292	14966.222234712	14048.907696801	13247.561857348	12613.829972783	12103.497999322	11730.260975115	11490.828131616	11206.032169909	10751.575303882	10027.695250384
