DensitySphericalHarmonic
30	#n_radial
4	#l_max
0	#unused
#rho
#radius	l=0,m=0	l=1,m=-1	l=1,m=0	l=1,m=1	l=2,m=-2	l=2,m=-1	l=2,m=0	l=2,m=1	l=2,m=2	l=3,m=-3	l=3,m=-2	l=3,m=-1	l=3,m=0	l=3,m=1	l=3,m=2	l=3,m=3	l=4,m=-4	l=4,m=-3	l=4,m=-2	l=4,m=-1	l=4,m=0	l=4,m=1	l=4,m=2	l=4,m=3	l=4,m=4
0.0100000000000	70054164077.700	0	0	0	0	0	41537477.842564	0	0	0	0	0	0	0	0	0	0	0	0	0	23939664.043757	0	0	0	0
0.0122949341369	67039862821.025	0	0	0	0	0	19393626.377231	0	0	0	0	0	0	0	0	0	0	0	0	0	20895350.975916	0	0	0	0
0.0151165405432	63516094113.921	0	0	0	0	0	-13260493.44935	0	0	0	0	0	0	0	0	0	0	0	0	0	26960728.361382	0	0	0	0
0.0185856870357	59408572829.592	0	0	0	0	0	-145741344.7338	0	0	0	0	0	0	0	0	0	0	0	0	0	-8493897.672437	0	0	0	0
0.0228509797994	54896829789.796	0	0	0	0	0	-134151125.6510	0	0	0	0	0	0	0	0	0	0	0	0	0	31725591.381381	0	0	0	0
0.0280951291598	49874584527.936	0	0	0	0	0	-185670194.0005	0	0	0	0	0	0	0	0	0	0	0	0	0	5721181.3541876	0	0	0	0
0.0345427762589	44484785483.892	0	0	0	0	0	-240035247.3703	0	0	0	0	0	0	0	0	0	0	0	0	0	-578071.1390807	0	0	0	0
0.0424701159010	38870312695.521	0	0	0	0	0	-280730134.6273	0	0	0	0	0	0	0	0	0	0	0	0	0	13850677.180636	0	0	0	0
0.0522167277791	33263574101.637	0	0	0	0	0	-311154479.6053	0	0	0	0	0	0	0	0	0	0	0	0	0	6808320.2597922	0	0	0	0
0.0642001228891	27852443773.309	0	0	0	0	0	-326012504.9350	0	0	0	0	0	0	0	0	0	0	0	0	0	-2081415.349523	0	0	0	0
0.0789336282506	22830482804.040	0	0	0	0	0	-326691818.9571	0	0	0	0	0	0	0	0	0	0	0	0	0	-6466917.950908	0	0	0	0
0.0970483760531	18328797960.881	0	0	0	0	0	-307176437.0965	0	0	0	0	0	0	0	0	0	0	0	0	0	-7934391.082347	0	0	0	0
0.1193203391671	14428991090.504	0	0	0	0	0	-282068584.7868	0	0	0	0	0	0	0	0	0	0	0	0	0	-12582419.76690	0	0	0	0
0.1467035711257	11156508924.000	0	0	0	0	0	-251139091.7459	0	0	0	0	0	0	0	0	0	0	0	0	0	-11303404.71560	0	0	0	0
0.1803710744645	8478024978.1770	0	0	0	0	0	-223012369.5473	0	0	0	0	0	0	0	0	0	0	0	0	0	-10586038.42965	0	0	0	0
0.2217650480752	6336823206.1080	0	0	0	0	0	-195294080.3680	0	0	0	0	0	0	0	0	0	0	0	0	0	-11625853.96630	0	0	0	0
0.2726586659961	4652539300.1981	0	0	0	0	0	-172241257.3276	0	0	0	0	0	0	0	0	0	0	0	0	0	-5670077.795230	0	0	0	0
0.3352320340290	3353905759.2317	0	0	0	0	0	-150579759.0562	0	0	0	0	0	0	0	0	0	0	0	0	0	-1129303.995513	0	0	0	0
0.4121655778981	2365720006.8226	0	0	0	0	0	-131157039.7098	0	0	0	0	0	0	0	0	0	0	0	0	0	3943381.4770776	0	0	0	0
0.5067548633773	1624138401.1443	0	0	0	0	0	-111405051.8799	0	0	0	0	0	0	0	0	0	0	0	0	0	9014568.9126707	0	0	0	0
0.6230517668801	1086706625.4866	0	0	0	0	0	-91604089.06578	0	0	0	0	0	0	0	0	0	0	0	0	0	12543718.493770	0	0	0	0
0.7660380437699	700065378.11948	0	0	0	0	0	-72040140.02183	0	0	0	0	0	0	0	0	0	0	0	0	0	14513186.447646	0	0	0	0
0.9418387294546	431640875.53795	0	0	0	0	0	-53713765.41996	0	0	0	0	0	0	0	0	0	0	0	0	0	14105504.800132	0	0	0	0
1.1579845146270	251810265.73914	0	0	0	0	0	-37199307.23627	0	0	0	0	0	0	0	0	0	0	0	0	0	12505478.274482	0	0	0	0
1.4237343338942	137150118.16904	0	0	0	0	0	-23929610.37506	0	0	0	0	0	0	0	0	0	0	0	0	0	9651174.9659103	0	0	0	0
1.7504719863739	68065536.959461	0	0	0	0	0	-13964939.09669	0	0	0	0	0	0	0	0	0	0	0	0	0	6577105.6212186	0	0	0	0
2.1521937781036	29778931.106384	0	0	0	0	0	-7134824.240577	0	0	0	0	0	0	0	0	0	0	0	0	0	3819472.2304234	0	0	0	0
2.6461080751729	10900842.103321	0	0	0	0	0	-3015214.021694	0	0	0	0	0	0	0	0	0	0	0	0	0	1801942.4810239	0	0	0	0
3.2533724503493	3073969.6375438	0	0	0	0	0	-951955.3426344	0	0	0	0	0	0	0	0	0	0	0	0	0	623011.97084023	0	0	0	0
4.0000000000000	586801.18397656	0	0	0	0	0	-192189.7265227	0	0	0	0	0	0	0	0	0	0	0	0	0	135365.42805417	0	0	0	0
