DensitySphericalHarmonic
50	#n_radial
4	#l_max
0	#unused
#rho
#radius	l=0,m=0	l=1,m=-1	l=1,m=0	l=1,m=1	l=2,m=-2	l=2,m=-1	l=2,m=0	l=2,m=1	l=2,m=2	l=3,m=-3	l=3,m=-2	l=3,m=-1	l=3,m=0	l=3,m=1	l=3,m=2	l=3,m=3	l=4,m=-4	l=4,m=-3	l=4,m=-2	l=4,m=-1	l=4,m=0	l=4,m=1	l=4,m=2	l=4,m=3	l=4,m=4
0.1000000000000	88052404420.550	0	0	0	0	0	636081537.96868	0	0	0	0	0	0	0	0	0	0	0	0	0	222962555.18493	0	0	0	0
0.1247088708531	78759935889.630	0	0	0	0	0	520958505.89426	0	0	0	0	0	0	0	0	0	0	0	0	0	151411607.46158	0	0	0	0
0.1555230246945	69611685901.010	0	0	0	0	0	326029836.22032	0	0	0	0	0	0	0	0	0	0	0	0	0	142441057.55085	0	0	0	0
0.1939510080132	60647289604.562	0	0	0	0	0	128010098.15526	0	0	0	0	0	0	0	0	0	0	0	0	0	113212381.01573	0	0	0	0
0.2418741121014	51942124450.183	0	0	0	0	0	-75135118.10876	0	0	0	0	0	0	0	0	0	0	0	0	0	84866907.499609	0	0	0	0
0.3016384740876	43655072382.016	0	0	0	0	0	-254380771.7580	0	0	0	0	0	0	0	0	0	0	0	0	0	52277767.239665	0	0	0	0
0.3761699350932	35913192076.558	0	0	0	0	0	-400077043.2084	0	0	0	0	0	0	0	0	0	0	0	0	0	15301651.906478	0	0	0	0
0.4691172785435	28872324962.933	0	0	0	0	0	-455663428.0757	0	0	0	0	0	0	0	0	0	0	0	0	0	3848788.8070526	0	0	0	0
0.5850308610484	22629444280.633	0	0	0	0	0	-438438380.2247	0	0	0	0	0	0	0	0	0	0	0	0	0	6534350.4042902	0	0	0	0
0.7295853809557	17246173884.944	0	0	0	0	0	-365031195.3015	0	0	0	0	0	0	0	0	0	0	0	0	0	9289474.0609189	0	0	0	0
0.9098576904991	12743767063.842	0	0	0	0	0	-281523977.4412	0	0	0	0	0	0	0	0	0	0	0	0	0	12579841.057646	0	0	0	0
1.1346732521915	9105173019.8233	0	0	0	0	0	-199602283.3730	0	0	0	0	0	0	0	0	0	0	0	0	0	13650234.358915	0	0	0	0
1.4150382006801	6275671967.7886	0	0	0	0	0	-131436081.6366	0	0	0	0	0	0	0	0	0	0	0	0	0	12752451.162515	0	0	0	0
1.7646781622082	4165126042.0791	0	0	0	0	0	-79574705.68415	0	0	0	0	0	0	0	0	0	0	0	0	0	9914264.5139493	0	0	0	0
2.2007102102810	2658765212.0022	0	0	0	0	0	-42823333.58391	0	0	0	0	0	0	0	0	0	0	0	0	0	5872894.4426621	0	0	0	0
2.7444808539903	1633032436.0248	0	0	0	0	0	-21807360.31693	0	0	0	0	0	0	0	0	0	0	0	0	0	3723738.4662874	0	0	0	0
3.4226110837907	966593239.80783	0	0	0	0	0	-9842684.464796	0	0	0	0	0	0	0	0	0	0	0	0	0	1631751.2027007	0	0	0	0
4.2682996362884	552815265.04026	0	0	0	0	0	-4071584.076636	0	0	0	0	0	0	0	0	0	0	0	0	0	590517.07922228	0	0	0	0
5.3229482810421	306617210.16787	0	0	0	0	0	-1549245.588493	0	0	0	0	0	0	0	0	0	0	0	0	0	187808.79231578	0	0	0	0
6.6381886973820	165596876.61715	0	0	0	0	0	-574427.1261427	0	0	0	0	0	0	0	0	0	0	0	0	0	15986.720539030	0	0	0	0
8.2784101696031	87465097.349936	0	0	0	0	0	-186651.5482037	0	0	0	0	0	0	0	0	0	0	0	0	0	-9404.544491919	0	0	0	0
10.323911847100	45399466.320471	0	0	0	0	0	-45634.18196218	0	0	0	0	0	0	0	0	0	0	0	0	0	-3102.314928746	0	0	0	0
12.874833892388	23232021.086189	0	0	0	0	0	-19139.29265153	0	0	0	0	0	0	0	0	0	0	0	0	0	-3496.505585914	0	0	0	0
16.056059971409	11766834.734204	0	0	0	0	0	-10736.60488392	0	0	0	0	0	0	0	0	0	0	0	0	0	-1961.102390360	0	0	0	0
20.023331093840	5914048.1088100	0	0	0	0	0	-989.8090841710	0	0	0	0	0	0	0	0	0	0	0	0	0	-1848.034237691	0	0	0	0
24.970870114305	2958340.7200443	0	0	0	0	0	-1624.196767026	0	0	0	0	0	0	0	0	0	0	0	0	0	-652.4493817493	0	0	0	0
31.140890161743	1474930.7757742	0	0	0	0	0	-729.0891660806	0	0	0	0	0	0	0	0	0	0	0	0	0	-165.8374212576	0	0	0	0
38.835452494314	733971.04155648	0	0	0	0	0	-327.1199304123	0	0	0	0	0	0	0	0	0	0	0	0	0	20.068473089421	0	0	0	0
48.431254296350	364975.58324180	0	0	0	0	0	-139.4469420445	0	0	0	0	0	0	0	0	0	0	0	0	0	32.231658919763	0	0	0	0
60.398070372970	181543.83272120	0	0	0	0	0	-57.66096592072	0	0	0	0	0	0	0	0	0	0	0	0	0	10.276262334624	0	0	0	0
75.321751579191	90346.920274843	0	0	0	0	0	-5.649587453778	0	0	0	0	0	0	0	0	0	0	0	0	0	14.991521376141	0	0	0	0
93.932905901184	44982.831833840	0	0	0	0	0	-25.40944089853	0	0	0	0	0	0	0	0	0	0	0	0	0	-4.894513247008	0	0	0	0
117.14266630887	22439.090621758	0	0	0	0	0	-14.13835209923	0	0	0	0	0	0	0	0	0	0	0	0	0	-9.953847522881	0	0	0	0
146.08729644100	11210.483569200	0	0	0	0	0	-9.788602548866	0	0	0	0	0	0	0	0	0	0	0	0	0	6.9447679286127	0	0	0	0
182.18381785139	5605.0142209012	0	0	0	0	0	-4.354444229042	0	0	0	0	0	0	0	0	0	0	0	0	0	3.2337417084050	0	0	0	0
227.19938211954	2804.5861426103	0	0	0	0	0	0.0366164406675	0	0	0	0	0	0	0	0	0	0	0	0	0	-0.267546191408	0	0	0	0
283.33778402649	1406.0053504167	0	0	0	0	0	-0.106229651729	0	0	0	0	0	0	0	0	0	0	0	0	0	-0.122721641432	0	0	0	0
353.34735115963	705.74739361340	0	0	0	0	0	0.0199073630677	0	0	0	0	0	0	0	0	0	0	0	0	0	-0.067345560687	0	0	0	0
440.65549182050	354.66129157910	0	0	0	0	0	0.0186697351020	0	0	0	0	0	0	0	0	0	0	0	0	0	-0.023516850694	0	0	0	0
549.53648820151	178.43853064283	0	0	0	0	0	7.6961955036e-4	0	0	0	0	0	0	0	0	0	0	0	0	0	-0.013532010484	0	0	0	0
685.32074936188	89.869056616554	0	0	0	0	0	-0.003013217335	0	0	0	0	0	0	0	0	0	0	0	0	0	-0.016054874391	0	0	0	0
854.65576825118	45.300841513868	0	0	0	0	0	0.0064668077525	0	0	0	0	0	0	0	0	0	0	0	0	0	-0.001364465819	0	0	0	0
1065.8315582669	22.854532694662	0	0	0	0	0	-0.003911948815	0	0	0	0	0	0	0	0	0	0	0	0	0	7.2822053514e-5	0	0	0	0
1329.1865015107	11.537026942271	0	0	0	0	0	-0.001473898106	0	0	0	0	0	0	0	0	0	0	0	0	0	0.0012248926956	0	0	0	0
1657.6134775657	5.8298523804027	0	0	0	0	0	-7.973306671e-4	0	0	0	0	0	0	0	0	0	0	0	0	0	-2.647737308e-4	0	0	0	0
2067.1910509810	2.9480121367336	0	0	0	0	0	-5.909609703e-4	0	0	0	0	0	0	0	0	0	0	0	0	0	-6.894122432e-4	0	0	0	0
2577.9706180547	1.5098501430555	0	0	0	0	0	0.0306163375768	0	0	0	0	0	0	0	0	0	0	0	0	0	0.0138167990701	0	0	0	0
3214.9580487006	0.7545194382972	0	0	0	0	0	-1.194595014e-5	0	0	0	0	0	0	0	0	0	0	0	0	0	-9.526858087e-5	0	0	0	0
4009.3378809354	0.3820781215851	0	0	0	0	0	-1.056366330e-5	0	0	0	0	0	0	0	0	0	0	0	0	0	-5.499556576e-5	0	0	0	0
5000.0000000000	0.1935683908761	0	0	0	0	0	-4.007185857e-6	0	0	0	0	0	0	0	0	0	0	0	0	0	-1.993050556e-5	0	0	0	0
