DensitySphericalHarmonic
50	#n_radial
4	#l_max
0	#unused
#rho
#radius	l=0,m=0	l=1,m=-1	l=1,m=0	l=1,m=1	l=2,m=-2	l=2,m=-1	l=2,m=0	l=2,m=1	l=2,m=2	l=3,m=-3	l=3,m=-2	l=3,m=-1	l=3,m=0	l=3,m=1	l=3,m=2	l=3,m=3	l=4,m=-4	l=4,m=-3	l=4,m=-2	l=4,m=-1	l=4,m=0	l=4,m=1	l=4,m=2	l=4,m=3	l=4,m=4
0.1000000000000	269243074.57983	0	0	0	0	0	1336441.0582980	0	0	0	0	0	0	0	0	0	0	0	0	0	229615.53400449	0	0	0	0
0.1247088708531	245547770.23330	0	0	0	0	0	840770.86299201	0	0	0	0	0	0	0	0	0	0	0	0	0	322901.91886483	0	0	0	0
0.1555230246945	222224862.12359	0	0	0	0	0	629972.71904280	0	0	0	0	0	0	0	0	0	0	0	0	0	275036.96042297	0	0	0	0
0.1939510080132	199225024.13262	0	0	0	0	0	342320.28364560	0	0	0	0	0	0	0	0	0	0	0	0	0	162378.24997219	0	0	0	0
0.2418741121014	176813113.68544	0	0	0	0	0	-105521.8595849	0	0	0	0	0	0	0	0	0	0	0	0	0	146011.43092656	0	0	0	0
0.3016384740876	154986018.35741	0	0	0	0	0	-545285.7657190	0	0	0	0	0	0	0	0	0	0	0	0	0	85343.520555351	0	0	0	0
0.3761699350932	134035902.65421	0	0	0	0	0	-964234.3419334	0	0	0	0	0	0	0	0	0	0	0	0	0	45154.483264728	0	0	0	0
0.4691172785435	114216378.10164	0	0	0	0	0	-1278936.131218	0	0	0	0	0	0	0	0	0	0	0	0	0	57095.527555260	0	0	0	0
0.5850308610484	95738953.372056	0	0	0	0	0	-1343669.184953	0	0	0	0	0	0	0	0	0	0	0	0	0	120384.65364047	0	0	0	0
0.7295853809557	78831761.271603	0	0	0	0	0	-1320711.389445	0	0	0	0	0	0	0	0	0	0	0	0	0	160076.47363044	0	0	0	0
0.9098576904991	63659980.232813	0	0	0	0	0	-1079526.812504	0	0	0	0	0	0	0	0	0	0	0	0	0	219146.78161834	0	0	0	0
1.1346732521915	50251916.389031	0	0	0	0	0	-857880.0324978	0	0	0	0	0	0	0	0	0	0	0	0	0	230054.43072416	0	0	0	0
1.4150382006801	38703149.100577	0	0	0	0	0	-627346.3394131	0	0	0	0	0	0	0	0	0	0	0	0	0	209849.40451565	0	0	0	0
1.7646781622082	28981321.655521	0	0	0	0	0	-436601.7683694	0	0	0	0	0	0	0	0	0	0	0	0	0	207088.55044133	0	0	0	0
2.2007102102810	21085593.002382	0	0	0	0	0	-261642.4645602	0	0	0	0	0	0	0	0	0	0	0	0	0	112521.61367017	0	0	0	0
2.7444808539903	14847437.951018	0	0	0	0	0	-133678.8991287	0	0	0	0	0	0	0	0	0	0	0	0	0	73812.256993298	0	0	0	0
3.4226110837907	10084704.668721	0	0	0	0	0	-72596.92118288	0	0	0	0	0	0	0	0	0	0	0	0	0	33561.686384394	0	0	0	0
4.2682996362884	6607412.9284658	0	0	0	0	0	-31136.47011501	0	0	0	0	0	0	0	0	0	0	0	0	0	11929.716378024	0	0	0	0
5.3229482810421	4170205.7616643	0	0	0	0	0	-12867.54826572	0	0	0	0	0	0	0	0	0	0	0	0	0	3573.2706895383	0	0	0	0
6.6381886973820	2533401.1622246	0	0	0	0	0	-4254.099550455	0	0	0	0	0	0	0	0	0	0	0	0	0	888.98624287235	0	0	0	0
8.2784101696031	1482371.4034491	0	0	0	0	0	-1492.558362594	0	0	0	0	0	0	0	0	0	0	0	0	0	43.192503740354	0	0	0	0
10.323911847100	837156.67578860	0	0	0	0	0	-388.0390153349	0	0	0	0	0	0	0	0	0	0	0	0	0	-155.9033487729	0	0	0	0
12.874833892388	457362.92430356	0	0	0	0	0	-167.6361660339	0	0	0	0	0	0	0	0	0	0	0	0	0	-48.00103615061	0	0	0	0
16.056059971409	242367.50758466	0	0	0	0	0	-64.83593147189	0	0	0	0	0	0	0	0	0	0	0	0	0	-47.95330839715	0	0	0	0
20.023331093840	125059.25195615	0	0	0	0	0	22.906537550359	0	0	0	0	0	0	0	0	0	0	0	0	0	-6.079475535035	0	0	0	0
24.970870114305	63035.337663455	0	0	0	0	0	2.3339334079829	0	0	0	0	0	0	0	0	0	0	0	0	0	5.0441851068753	0	0	0	0
31.140890161743	31151.120589323	0	0	0	0	0	-8.124640356457	0	0	0	0	0	0	0	0	0	0	0	0	0	15.472276398319	0	0	0	0
38.835452494314	15122.162567451	0	0	0	0	0	-2.124958063003	0	0	0	0	0	0	0	0	0	0	0	0	0	-0.360755137334	0	0	0	0
48.431254296350	7241.6923669344	0	0	0	0	0	0.5719124212951	0	0	0	0	0	0	0	0	0	0	0	0	0	1.2405309442987	0	0	0	0
60.398070372970	3429.3746901898	0	0	0	0	0	-1.459474883122	0	0	0	0	0	0	0	0	0	0	0	0	0	-0.313018952204	0	0	0	0
75.321751579191	1612.7390822213	0	0	0	0	0	-0.671377531734	0	0	0	0	0	0	0	0	0	0	0	0	0	0.0338800705212	0	0	0	0
93.932905901184	756.95695326233	0	0	0	0	0	-0.685198787781	0	0	0	0	0	0	0	0	0	0	0	0	0	0.0742220805544	0	0	0	0
117.14266630887	356.27186597991	0	0	0	0	0	-0.186684717715	0	0	0	0	0	0	0	0	0	0	0	0	0	-0.053859138948	0	0	0	0
146.08729644100	168.92339362466	0	0	0	0	0	-0.053953742086	0	0	0	0	0	0	0	0	0	0	0	0	0	-0.025850993582	0	0	0	0
182.18381785139	80.751219040820	0	0	0	0	0	-0.023379763309	0	0	0	0	0	0	0	0	0	0	0	0	0	0.0035900511025	0	0	0	0
227.19938211954	38.879360010760	0	0	0	0	0	-0.006168178074	0	0	0	0	0	0	0	0	0	0	0	0	0	-0.003818106314	0	0	0	0
283.33778402649	18.824002832134	0	0	0	0	0	-0.006027561351	0	0	0	0	0	0	0	0	0	0	0	0	0	0.0067056643480	0	0	0	0
353.34735115963	9.1561665833925	0	0	0	0	0	7.4889157527e-5	0	0	0	0	0	0	0	0	0	0	0	0	0	-0.001136346929	0	0	0	0
440.65549182050	4.4642774870630	0	0	0	0	0	5.6481909458e-5	0	0	0	0	0	0	0	0	0	0	0	0	0	2.3955720764e-4	0	0	0	0
549.53648820151	2.1808556265234	0	0	0	0	0	5.2630117151e-5	0	0	0	0	0	0	0	0	0	0	0	0	0	5.9091780078e-4	0	0	0	0
685.32074936188	1.0665162129588	0	0	0	0	0	3.5658198931e-4	0	0	0	0	0	0	0	0	0	0	0	0	0	-1.526560501e-4	0	0	0	0
854.65576825118	0.5220197853354	0	0	0	0	0	1.4114454118e-4	0	0	0	0	0	0	0	0	0	0	0	0	0	-1.407292050e-4	0	0	0	0
1065.8315582669	0.2556712104990	0	0	0	0	0	2.0446024809e-4	0	0	0	0	0	0	0	0	0	0	0	0	0	-1.616461413e-4	0	0	0	0
1329.1865015107	0.1252351654388	0	0	0	0	0	1.1000993128e-4	0	0	0	0	0	0	0	0	0	0	0	0	0	-7.161665827e-5	0	0	0	0
1657.6134775657	0.0613995822037	0	0	0	0	0	1.3035732906e-5	0	0	0	0	0	0	0	0	0	0	0	0	0	3.3309845257e-6	0	0	0	0
2067.1910509810	0.0300953640659	0	0	0	0	0	-8.355015781e-7	0	0	0	0	0	0	0	0	0	0	0	0	0	-7.958537043e-6	0	0	0	0
2577.9706180547	0.0147435905791	0	0	0	0	0	4.4729092304e-6	0	0	0	0	0	0	0	0	0	0	0	0	0	-1.494178272e-5	0	0	0	0
3214.9580487006	0.0072246409177	0	0	0	0	0	-4.525625798e-7	0	0	0	0	0	0	0	0	0	0	0	0	0	-3.502243396e-6	0	0	0	0
4009.3378809354	0.0035388886056	0	0	0	0	0	3.5564300394e-7	0	0	0	0	0	0	0	0	0	0	0	0	0	-1.484892287e-6	0	0	0	0
5000.0000000000	0.0017326786204	0	0	0	0	0	-5.919998469e-8	0	0	0	0	0	0	0	0	0	0	0	0	0	-8.419298108e-7	0	0	0	0
