DensitySphericalHarmonic
30	#n_radial
4	#l_max
0	#unused
#rho
#radius	l=0,m=0	l=1,m=-1	l=1,m=0	l=1,m=1	l=2,m=-2	l=2,m=-1	l=2,m=0	l=2,m=1	l=2,m=2	l=3,m=-3	l=3,m=-2	l=3,m=-1	l=3,m=0	l=3,m=1	l=3,m=2	l=3,m=3	l=4,m=-4	l=4,m=-3	l=4,m=-2	l=4,m=-1	l=4,m=0	l=4,m=1	l=4,m=2	l=4,m=3	l=4,m=4
0.0100000000000	67272464853.611	0	0	0	0	0	-155226592.8338	0	0	0	0	0	0	0	0	0	0	0	0	0	28960304.634559	0	0	0	0
0.0122949341369	64317776870.491	0	0	0	0	0	-221240090.2571	0	0	0	0	0	0	0	0	0	0	0	0	0	28422407.491832	0	0	0	0
0.0151165405432	60897289055.495	0	0	0	0	0	-285404242.8272	0	0	0	0	0	0	0	0	0	0	0	0	0	36700881.529739	0	0	0	0
0.0185856870357	56962257764.727	0	0	0	0	0	-356685438.5923	0	0	0	0	0	0	0	0	0	0	0	0	0	39331058.391269	0	0	0	0
0.0228509797994	52384075370.627	0	0	0	0	0	-527954609.3223	0	0	0	0	0	0	0	0	0	0	0	0	0	115314153.02021	0	0	0	0
0.0280951291598	47701524585.219	0	0	0	0	0	-527267972.3042	0	0	0	0	0	0	0	0	0	0	0	0	0	41944224.663842	0	0	0	0
0.0345427762589	42529914491.467	0	0	0	0	0	-588255712.9250	0	0	0	0	0	0	0	0	0	0	0	0	0	38633007.861520	0	0	0	0
0.0424701159010	37176984773.514	0	0	0	0	0	-618410174.3059	0	0	0	0	0	0	0	0	0	0	0	0	0	32280309.755315	0	0	0	0
0.0522167277791	31841023388.490	0	0	0	0	0	-647555971.3818	0	0	0	0	0	0	0	0	0	0	0	0	0	26023204.672163	0	0	0	0
0.0642001228891	26692351398.903	0	0	0	0	0	-632194066.0341	0	0	0	0	0	0	0	0	0	0	0	0	0	12469883.346750	0	0	0	0
0.0789336282506	21884939022.106	0	0	0	0	0	-584054757.4983	0	0	0	0	0	0	0	0	0	0	0	0	0	16132458.245968	0	0	0	0
0.0970483760531	17591366815.798	0	0	0	0	0	-520694414.1779	0	0	0	0	0	0	0	0	0	0	0	0	0	11664203.139375	0	0	0	0
0.1193203391671	13869511598.482	0	0	0	0	0	-450997864.3361	0	0	0	0	0	0	0	0	0	0	0	0	0	6346077.1521790	0	0	0	0
0.1467035711257	10740969010.910	0	0	0	0	0	-382225832.6274	0	0	0	0	0	0	0	0	0	0	0	0	0	1035950.7016579	0	0	0	0
0.1803710744645	8181832570.3131	0	0	0	0	0	-321466162.1373	0	0	0	0	0	0	0	0	0	0	0	0	0	3624696.9841039	0	0	0	0
0.2217650480752	6127291157.9775	0	0	0	0	0	-262195126.6667	0	0	0	0	0	0	0	0	0	0	0	0	0	-2898786.134943	0	0	0	0
0.2726586659961	4512914137.3670	0	0	0	0	0	-216288781.2072	0	0	0	0	0	0	0	0	0	0	0	0	0	-333833.0655607	0	0	0	0
0.3352320340290	3264312068.6376	0	0	0	0	0	-178680862.6125	0	0	0	0	0	0	0	0	0	0	0	0	0	2230901.0772850	0	0	0	0
0.4121655778981	2313366765.5105	0	0	0	0	0	-147595296.8533	0	0	0	0	0	0	0	0	0	0	0	0	0	5885436.3974433	0	0	0	0
0.5067548633773	1596968739.0320	0	0	0	0	0	-121442171.0113	0	0	0	0	0	0	0	0	0	0	0	0	0	9728149.5720434	0	0	0	0
0.6230517668801	1074256838.0329	0	0	0	0	0	-98052066.37807	0	0	0	0	0	0	0	0	0	0	0	0	0	12541992.434145	0	0	0	0
0.7660380437699	696045085.89546	0	0	0	0	0	-75913990.51212	0	0	0	0	0	0	0	0	0	0	0	0	0	13992676.268637	0	0	0	0
0.9418387294546	431319030.32664	0	0	0	0	0	-56371817.88137	0	0	0	0	0	0	0	0	0	0	0	0	0	14477196.903457	0	0	0	0
1.1579845146270	253249039.65460	0	0	0	0	0	-38968956.16189	0	0	0	0	0	0	0	0	0	0	0	0	0	12484165.859239	0	0	0	0
1.4237343338942	138479439.26740	0	0	0	0	0	-24917452.50032	0	0	0	0	0	0	0	0	0	0	0	0	0	9655294.9166008	0	0	0	0
1.7504719863739	68980031.799467	0	0	0	0	0	-14441544.91455	0	0	0	0	0	0	0	0	0	0	0	0	0	6560868.6469783	0	0	0	0
2.1521937781036	30263489.480302	0	0	0	0	0	-7314750.656807	0	0	0	0	0	0	0	0	0	0	0	0	0	3801083.2682512	0	0	0	0
2.6461080751729	11117737.876451	0	0	0	0	0	-3067535.441737	0	0	0	0	0	0	0	0	0	0	0	0	0	1788774.6603005	0	0	0	0
3.2533724503493	3151023.4953319	0	0	0	0	0	-963780.4444714	0	0	0	0	0	0	0	0	0	0	0	0	0	616251.62651633	0	0	0	0
4.0000000000000	609695.09670775	0	0	0	0	0	-197602.8881954	0	0	0	0	0	0	0	0	0	0	0	0	0	137270.83345731	0	0	0	0
