DensityAzimuthalHarmonic
20	#size_R
16	#size_z
0	#m_max
#rho
0	#m
#R(row)\z(col)	0.0000000000000	0.0500000000000	0.1160597982526	0.2033377371559	0.3186489978730	0.4709977702574	0.6722803536121	0.9382140905755	1.2895646708224	1.7537676397630	2.3670707292920	3.1773642965311	4.2479208880743	5.6623359371800	7.5310553929660	1.00000000000e1
0.0000000000000	1541475067.0043	1351988646.2049	1232381002.3470	969134175.19921	646218749.63084	347991359.24618	149180285.38654	62526154.000281	34116194.712448	21245568.701360	11164358.501372	6773457.1113131	3315080.0466750	1485886.7098021	669673.53917802	314391.34151863
0.1000000000000	1617042809.5400	1539382633.7024	1302360754.2141	962061574.91780	608297180.90729	317760780.00600	137458183.27009	60227673.347947	33772531.041814	21050644.987190	12383894.004275	6710134.0573177	3314270.8645755	1506823.0425784	681886.06171287	314191.70633951
0.2258078383053	1592073005.4598	1536208353.8890	1325051607.3029	970795186.98401	590789092.82611	295526668.40715	127033853.80321	58009841.148009	33466691.037361	20924532.097943	12290177.310764	6643980.7898510	3288566.7165144	1509142.3126880	688191.64689986	316736.99012723
0.3840839600957	1507944094.7488	1456089953.7016	1261130005.0658	923593754.64671	555492816.43206	269907286.17007	115413373.87239	55078216.029643	32885844.797009	20692321.070660	12148913.307017	6547076.7073551	3243844.6813398	1500148.7262660	688271.82002744	317457.96624661
0.5832077274736	1383348509.1445	1334781037.9118	1152963133.5346	843198598.69659	501925428.34210	239834984.45435	102592704.17259	51174664.403863	31746407.538047	20225965.630688	11916651.136705	6422873.0077560	3187579.1433576	1483735.7232035	685510.77193056	316702.76786374
0.8337210347637	1232824119.7682	1188016967.9146	1022154625.3553	742851210.69162	439280930.23051	208031130.64759	89125452.402571	46223329.329999	29861680.099602	19346670.755444	11529328.587326	6241249.5048043	3106667.6595765	1460516.7294720	680042.34757802	314613.52196266
1.1488864113325	1068197069.6592	1028320924.3379	881449660.16536	637510926.89254	375210196.45288	176732839.40615	75786490.249159	40451273.285790	27131043.570209	18064765.818956	10929699.106427	5969346.9266026	2993319.5012982	1423567.8253454	669916.49713529	312652.58086974
1.5453891586802	902314197.41909	868011772.74761	742141074.32209	534572217.98639	313604441.64518	147424077.07857	63453233.597839	34209810.024536	23678440.851343	16230618.327795	10035272.998564	5572240.5496908	2831085.4945042	1368430.1275641	653556.86125349	308433.57102291
2.0442206939394	743213444.27655	714379939.14895	609460576.49953	437824587.86201	256491046.63080	120549170.95568	51489628.982984	28007975.807437	19811280.061821	13957018.648424	8852880.6514885	5019938.0157710	2603579.6558936	1287386.6881271	628185.48986282	301509.08220751
2.6717898652339	601041807.19305	567972955.63801	483498818.14609	346833035.90136	203386953.62347	95962413.968579	41010923.967049	22238298.655974	15912068.586492	11458050.964482	7440853.7451446	4317506.7510367	2298447.8464462	1173487.2705392	590158.54836579	291140.19085369
3.4613210735097	439760155.69942	422533901.67409	360128984.16451	259285767.92587	153365083.51533	73258015.390638	31579042.420333	17048133.207775	12257669.755395	8954708.8832765	5921143.2371031	3507223.8947195	1920093.3565089	1020972.8450937	536327.07010607	271396.93666400
4.4546132193869	297040462.28079	285590602.73676	244228445.56275	177398225.84875	106658019.08692	52212348.397465	23001851.191314	12467246.171763	8978595.9016813	6621761.0177464	4429755.1471742	2662982.9312888	1496407.1690857	834106.02476742	464542.63139490	246785.50580815
5.7042525961708	177295529.87544	170666395.71570	146678899.09282	108149335.41247	66603666.169931	33840822.022975	15443625.366703	8480692.4812597	6128431.9829592	4556992.3230728	3074322.0348413	1864606.4753610	1072821.4145532	630716.15972441	378053.99652894	214463.44410974
7.2763968827140	91772579.718923	88484560.648107	76620453.521529	57356347.641267	36416868.925368	19355227.422492	9271815.9242879	5207533.7732052	3792089.0663315	2846145.3749417	1934985.1954768	1181771.6331132	696035.22077465	436252.02022899	284885.81279292	176683.89859940
9.2542776246536	39806713.960574	38454759.769482	33586587.620710	25638534.724748	16880189.856416	9476081.7239943	4817309.7176296	2792190.2969672	2053176.1919702	1558844.5844229	1070640.7131684	661790.40496346	404183.55855587	274666.79635842	197648.22436021	134256.18428835
11.742606630344	13951254.564681	13510678.635188	11923514.910452	9318750.3762661	6394396.0243467	3829024.7509542	2083005.7148405	1255805.8331942	933690.67982099	717732.60140131	501303.97924561	320008.61464067	210525.31279550	159482.93598451	126498.69951403	92954.321496873
14.873119562325	3781399.8492657	3675285.5042940	3290213.5333210	2649671.3264263	1910184.7753601	1229296.7299186	729645.22387697	464451.53075708	351262.33781690	275337.56522169	199652.53830240	137737.71420124	103004.35353974	87522.019689210	75054.389923236	59654.491134044
18.811550209918	749025.93891455	732736.07657852	672368.93461278	568116.50340457	440511.50307915	313992.40359951	210601.40496406	146773.40189295	115223.65273210	94151.402726905	73937.538162386	58189.875426918	50027.606604743	46023.626134869	41614.448669647	35358.015056852
23.766404670806	109540.05885121	108237.76523900	103300.94995026	94089.714197080	81520.046134603	67383.854327209	53835.896602050	43367.556571831	36857.593131279	32415.541051347	28502.451652546	25632.379679216	24163.377723423	23134.740580554	21668.312336120	19432.852877479
30.000000000000	17837.341090956	17795.105459192	17625.413754104	17273.261550011	16706.665213895	15935.891914639	15023.124857998	14092.521259911	13287.121289274	12645.604389816	12130.527779532	11753.668331943	11511.944084281	11224.120651479	10767.957460831	10039.017003668
