DensityAzimuthalHarmonic
20	#size_R
16	#size_z
0	#m_max
#rho
0	#m
#R(row)\z(col)	0.0000000000000	0.0500000000000	0.1160597982526	0.2033377371559	0.3186489978730	0.4709977702574	0.6722803536121	0.9382140905755	1.2895646708224	1.7537676397630	2.3670707292920	3.1773642965311	4.2479208880743	5.6623359371800	7.5310553929660	1.00000000000e1
0.0000000000000	88582579.656392	50115670.407245	11030019.436503	1471378.7323159	235963.96491873	17512.515745230	354.87521142012	0.9735074862588	1.0942369115e-4	5.261165028e-11	4.089937910e-22	4.669926957e-49	3.89299896e-187	0.0000000000000	0.0000000000000	0.0000000000000
0.1000000000000	72945851.575963	47646556.588811	13108926.270284	2167457.0975399	309298.78962423	22201.185648585	448.92727347419	1.2275875334739	1.3379522986e-4	6.228818794e-11	4.578963462e-22	4.270124383e-49	2.73407701e-188	0.0000000000000	0.0000000000000	0.0000000000000
0.2258078383053	54067605.968002	39251007.455502	14217707.144690	2952888.6819397	413153.33142908	29342.006300273	605.24102554378	1.6647254418005	1.8382843444e-4	7.687319363e-11	4.894253820e-22	2.563017267e-49	5.70184013e-190	0.0000000000000	0.0000000000000	0.0000000000000
0.3840839600957	39151390.663029	30053925.012566	12987725.587024	3306668.7326766	505103.29992354	37622.985195157	815.93559135184	2.3196440879131	2.5540091264e-4	9.491166175e-11	4.520311982e-22	6.643184613e-50	2.74409377e-193	0.0000000000000	0.0000000000000	0.0000000000000
0.5832077274736	27403356.889606	21490745.669716	10091352.684857	2927600.7625731	502648.21156067	41116.859598209	970.15734082050	2.9187445054641	3.2567773881e-4	1.005384307e-10	2.801308609e-22	3.485164283e-51	1.67062258e-199	0.0000000000000	0.0000000000000	0.0000000000000
0.8337210347637	17160586.467153	13473687.127680	6437938.1693877	1923762.1083050	354938.31852737	32254.038509588	837.32631963256	2.6155900065763	2.9557756248e-4	6.762810076e-11	6.786158471e-23	7.968173676e-54	2.67831230e-210	0.0000000000000	0.0000000000000	0.0000000000000
1.1488864113325	8000206.8313745	6186836.3244531	2809832.2351977	750504.11812346	131878.76424477	12930.457526082	368.69854255280	1.3323389130256	1.2422821666e-4	1.451470817e-11	1.962933140e-24	3.051627722e-59	2.69316503e-228	0.0000000000000	0.0000000000000	0.0000000000000
1.5453891586802	1888968.8264835	1379326.7074266	505584.51131535	82701.570459103	9758.6926504140	1022.7080058187	33.533851729634	0.1110296807645	6.3555256261e-6	2.614535153e-13	2.463289589e-28	6.317679512e-71	3.14152814e-258	0.0000000000000	0.0000000000000	0.0000000000000
2.0442206939394	201998.07729869	137944.14379510	39166.812163528	2731.7141668477	19.282982978851	0.6716532537626	0.0235277591864	5.5932533072e-5	9.981608268e-10	9.777363308e-19	1.542154141e-38	4.669406607e-99	0.0000000000000	0.0000000000000	0.0000000000000	0.0000000000000
2.6717898652339	10434.679406798	7041.6395297264	1925.2799917478	122.88253806626	0.5581830063205	2.0599214246e-5	7.377705179e-13	1.995825836e-16	3.406537178e-23	4.237999194e-37	2.305550214e-70	1.07227416e-177	0.0000000000000	0.0000000000000	0.0000000000000	0.0000000000000
3.4613210735097	169.50847712967	116.26440797827	30.278685433537	2.4230846416329	0.0143553033577	9.4512372832e-7	1.554689158e-14	8.338877766e-29	1.799893546e-54	1.469821855e-99	1.05068103e-176	0.0000000000000	0.0000000000000	0.0000000000000	0.0000000000000	0.0000000000000
4.4546132193869	0.0000000000000	0.0000000000000	0.0000000000000	0.0000000000000	0.0000000000000	0.0000000000000	0.0000000000000	0.0000000000000	0.0000000000000	0.0000000000000	0.0000000000000	1.66445075e-276	0.0000000000000	0.0000000000000	0.0000000000000	0.0000000000000
5.7042525961708	0.0000000000000	0.0000000000000	0.0000000000000	0.0000000000000	0.0000000000000	0.0000000000000	0.0000000000000	0.0000000000000	0.0000000000000	0.0000000000000	0.0000000000000	0.0000000000000	0.0000000000000	0.0000000000000	0.0000000000000	0.0000000000000
7.2763968827140	0.0000000000000	0.0000000000000	0.0000000000000	0.0000000000000	0.0000000000000	0.0000000000000	0.0000000000000	0.0000000000000	0.0000000000000	0.0000000000000	0.0000000000000	0.0000000000000	0.0000000000000	0.0000000000000	0.0000000000000	0.0000000000000
9.2542776246536	0.0000000000000	0.0000000000000	0.0000000000000	0.0000000000000	0.0000000000000	0.0000000000000	0.0000000000000	0.0000000000000	0.0000000000000	0.0000000000000	0.0000000000000	0.0000000000000	0.0000000000000	0.0000000000000	0.0000000000000	0.0000000000000
11.742606630344	0.0000000000000	0.0000000000000	0.0000000000000	0.0000000000000	0.0000000000000	0.0000000000000	0.0000000000000	0.0000000000000	0.0000000000000	0.0000000000000	0.0000000000000	0.0000000000000	0.0000000000000	0.0000000000000	0.0000000000000	0.0000000000000
14.873119562325	0.0000000000000	0.0000000000000	0.0000000000000	0.0000000000000	0.0000000000000	0.0000000000000	0.0000000000000	0.0000000000000	0.0000000000000	0.0000000000000	0.0000000000000	0.0000000000000	0.0000000000000	0.0000000000000	0.0000000000000	0.0000000000000
18.811550209918	0.0000000000000	0.0000000000000	0.0000000000000	0.0000000000000	0.0000000000000	0.0000000000000	0.0000000000000	0.0000000000000	0.0000000000000	0.0000000000000	0.0000000000000	0.0000000000000	0.0000000000000	0.0000000000000	0.0000000000000	0.0000000000000
23.766404670806	0.0000000000000	0.0000000000000	0.0000000000000	0.0000000000000	0.0000000000000	0.0000000000000	0.0000000000000	0.0000000000000	0.0000000000000	0.0000000000000	0.0000000000000	0.0000000000000	0.0000000000000	0.0000000000000	0.0000000000000	0.0000000000000
30.000000000000	0.0000000000000	0.0000000000000	0.0000000000000	0.0000000000000	0.0000000000000	0.0000000000000	0.0000000000000	0.0000000000000	0.0000000000000	0.0000000000000	0.0000000000000	0.0000000000000	0.0000000000000	0.0000000000000	0.0000000000000	0.0000000000000
