DensityAzimuthalHarmonic
20	#size_R
16	#size_z
0	#m_max
#rho
0	#m
#R(row)\z(col)	0.0000000000000	0.0500000000000	0.1160597982526	0.2033377371559	0.3186489978730	0.4709977702574	0.6722803536121	0.9382140905755	1.2895646708224	1.7537676397630	2.3670707292920	3.1773642965311	4.2479208880743	5.6623359371800	7.5310553929660	1.00000000000e1
0.0000000000000	6140930.4954251	4847728.5130022	2879556.2922177	1225575.3716223	365948.70479125	101385.73275527	31888.696790002	7891.4489767773	1434.3674096048	185.68921490782	19.835484124596	1.7745963399649	0.0963976791175	0.0021988597600	2.4419003552e-7	4.998404629e-18
0.1000000000000	5242162.1217226	4624636.8920745	2949806.6714291	1319449.9354099	427011.39447113	123163.92314424	36217.515403141	8752.9668687405	1579.9203897437	202.72377210776	21.365738783225	1.3295114044284	0.1007220488052	0.0022595090841	2.4740959071e-7	4.969661637e-18
0.2258078383053	4338735.9963474	3958105.9726881	2787879.6673973	1404177.7604432	512852.08798023	153918.71929680	42737.869547862	10003.580331673	1789.0049704878	226.67754507283	23.647433528261	1.4456668984534	0.1081082674729	0.0023811475212	2.5608173082e-7	4.981952567e-18
0.3840839600957	3459878.1085277	3226114.7450780	2448743.3254797	1397874.6665012	586179.95527146	189925.69785496	51904.909275131	11846.838319978	2096.6420667328	276.92131582347	27.090141112534	2.3081207738045	0.1175891991142	0.0025071911246	2.6172861897e-7	4.839491179e-18
0.5832077274736	2692371.4735027	2547079.4667592	2040752.8697705	1289671.5358546	616788.64771705	222615.49354059	63212.199456515	14424.237170811	2554.2046867660	337.28026210529	32.488146628489	2.6940691076298	0.1316434841769	0.0026561535613	2.6199394338e-7	4.405579601e-18
0.8337210347637	2063724.5823515	1969071.9294578	1635023.1417225	1110406.9153304	591207.02047762	239830.57280191	73786.939579506	17646.744456147	3199.8413840122	428.96017524240	40.885066489335	3.3010575316240	0.1524776844258	0.0028261566737	2.5389764377e-7	3.611620914e-18
1.1488864113325	1551131.3155671	1488163.7975321	1263903.6727551	900217.53664111	518460.21476525	233150.52257087	79973.343532228	20553.653704569	4008.0530723551	560.89657632018	54.206802274976	4.2478613937583	0.2576313930419	0.0029860817547	2.3101153023e-7	2.483557544e-18
1.5453891586802	1126203.8802251	1084987.3239590	935804.07301656	688546.53576804	418453.70186835	203265.45017597	76764.059582906	22179.418573494	4413.3544080688	726.17034223262	73.967869522194	5.7446215509108	0.2399144036606	0.0030390918050	1.8674022560e-7	1.263041377e-18
2.0442206939394	769592.56484013	743555.10109069	649474.65172772	489742.74974959	309139.32572942	158015.88360625	63854.854622405	20320.873379413	4929.1329885146	824.44808343901	97.809004312406	7.6846963688706	0.3270938987595	0.0030553186954	1.2099284852e-7	3.812962172e-19
2.6717898652339	475353.97297232	460719.13451811	406696.02543733	312746.72568722	202717.45433295	106475.60811242	44284.119002318	14901.588751279	4029.6399705638	797.50606370365	101.79698381492	8.6024300565780	0.2982825689000	0.0023984435622	1.4840734366e-8	4.701790538e-20
3.4613210735097	247901.69831256	240836.19418246	214318.23923802	166956.46272584	109463.32429043	57322.305635174	23244.748512178	7710.5014470641	2206.1231533910	494.82855655970	74.727041475299	6.0046974763658	0.2309767357715	7.7815345662e-4	1.2339643908e-8	1.685429705e-22
4.4546132193869	97435.503418820	94725.960016589	84442.007095332	65644.829329290	42289.394715101	20869.700288341	7408.0235554796	2076.8239551811	566.04590830367	140.32130819951	24.433931841790	1.9760413021290	0.0659239725670	1.2493221324e-4	1.672318983e-10	1.286008872e-24
5.7042525961708	25812.203417443	25067.745071608	22199.074968256	16914.060466429	10343.818455006	4476.4917851141	1137.2111130581	160.64019247983	27.309950496418	7.1836059016487	1.3765451421483	0.1152519346717	0.0023197968379	1.8806261048e-6	6.810047668e-13	2.646750380e-30
7.2763968827140	4876.3845945292	4735.1323667004	4188.6361484710	3171.6719476859	1905.0699836745	784.38640217052	169.38052019409	12.261389614481	0.1556981896931	0.0069480565380	0.0013783419210	9.2980617088e-5	7.9828609113e-7	9.800938574e-11	3.223696025e-19	1.225156253e-41
9.2542776246536	637.10385209473	619.05656539324	551.12568429637	422.35830258238	258.88963067971	110.46291248075	25.291231037877	2.0003347588831	0.0252459829606	1.3299571679e-5	6.513412186e-11	9.869877639e-13	1.229025788e-15	2.062764542e-21	5.021290103e-34	7.763603669e-67
11.742606630344	50.048176084918	48.801460740250	43.879754371566	34.365952250420	21.981215539737	9.9755699440256	2.5730211500242	0.2509653039303	0.0045648863705	4.5151897631e-6	2.850503614e-11	2.609156199e-20	5.772827940e-36	1.342624762e-51	2.618361150e-74	1.74121093e-124
14.873119562325	2.0378245698077	1.9937250427677	1.8173956211154	1.4653918324127	0.9802579962885	0.4892921344211	0.1479889274762	0.0191099648500	5.6869119907e-4	1.3370020158e-6	3.833207226e-11	4.948109830e-19	9.630944016e-33	2.683835216e-56	2.747720063e-96	4.68043456e-161
18.811550209918	0.0360634300114	0.0354239696882	0.0328210086903	0.0274200975294	0.0195057710087	0.0108361950721	0.0039426756093	7.1427504489e-4	3.8196819988e-5	2.5108932855e-7	4.354736959e-11	1.335943447e-17	6.163996668e-29	1.494643330e-48	6.114710171e-82	1.55281374e-137
23.766404670806	0.0000000000000	0.0000000000000	0.0000000000000	0.0000000000000	0.0000000000000	0.0000000000000	0.0000000000000	0.0000000000000	0.0000000000000	0.0000000000000	0.0000000000000	0.0000000000000	0.0000000000000	0.0000000000000	0.0000000000000	0.0000000000000
30.000000000000	0.0000000000000	0.0000000000000	0.0000000000000	0.0000000000000	0.0000000000000	0.0000000000000	0.0000000000000	0.0000000000000	0.0000000000000	0.0000000000000	0.0000000000000	0.0000000000000	0.0000000000000	0.0000000000000	0.0000000000000	0.0000000000000
