DensitySphericalHarmonic
30	#n_radial
4	#l_max
0	#unused
#rho
#radius	l=0,m=0	l=1,m=-1	l=1,m=0	l=1,m=1	l=2,m=-2	l=2,m=-1	l=2,m=0	l=2,m=1	l=2,m=2	l=3,m=-3	l=3,m=-2	l=3,m=-1	l=3,m=0	l=3,m=1	l=3,m=2	l=3,m=3	l=4,m=-4	l=4,m=-3	l=4,m=-2	l=4,m=-1	l=4,m=0	l=4,m=1	l=4,m=2	l=4,m=3	l=4,m=4
0.0100000000000	68543392900.212	0	0	0	0	0	-2005713.569286	0	0	0	0	0	0	0	0	0	0	0	0	0	27673839.812094	0	0	0	0
0.0122949341369	65605707353.538	0	0	0	0	0	-31292563.19094	0	0	0	0	0	0	0	0	0	0	0	0	0	23062044.195205	0	0	0	0
0.0151165405432	62173376784.143	0	0	0	0	0	-75688255.50744	0	0	0	0	0	0	0	0	0	0	0	0	0	28116990.556461	0	0	0	0
0.0185856870357	58222655886.766	0	0	0	0	0	-130576506.5313	0	0	0	0	0	0	0	0	0	0	0	0	0	26864780.989040	0	0	0	0
0.0228509797994	53706910352.982	0	0	0	0	0	-270941454.5370	0	0	0	0	0	0	0	0	0	0	0	0	0	-1600144.740762	0	0	0	0
0.0280951291598	48853072988.020	0	0	0	0	0	-256924282.1402	0	0	0	0	0	0	0	0	0	0	0	0	0	29981249.148790	0	0	0	0
0.0345427762589	43586243592.811	0	0	0	0	0	-305734766.4003	0	0	0	0	0	0	0	0	0	0	0	0	0	-487598.7866508	0	0	0	0
0.0424701159010	38136390569.483	0	0	0	0	0	-363362205.0289	0	0	0	0	0	0	0	0	0	0	0	0	0	19784966.059148	0	0	0	0
0.0522167277791	32647198702.209	0	0	0	0	0	-391906291.5723	0	0	0	0	0	0	0	0	0	0	0	0	0	22931054.839580	0	0	0	0
0.0642001228891	27361937302.397	0	0	0	0	0	-390776986.4237	0	0	0	0	0	0	0	0	0	0	0	0	0	6032058.7740844	0	0	0	0
0.0789336282506	22445614169.844	0	0	0	0	0	-383108310.8779	0	0	0	0	0	0	0	0	0	0	0	0	0	-5633871.206111	0	0	0	0
0.0970483760531	18031934488.069	0	0	0	0	0	-352757001.7730	0	0	0	0	0	0	0	0	0	0	0	0	0	-4969387.547594	0	0	0	0
0.1193203391671	14210437783.487	0	0	0	0	0	-317249946.0596	0	0	0	0	0	0	0	0	0	0	0	0	0	-10243235.01742	0	0	0	0
0.1467035711257	10998452874.445	0	0	0	0	0	-276771780.8001	0	0	0	0	0	0	0	0	0	0	0	0	0	-10669414.92613	0	0	0	0
0.1803710744645	8321897043.2733	0	0	0	0	0	-233473946.8198	0	0	0	0	0	0	0	0	0	0	0	0	0	36014305.044092	0	0	0	0
0.2217650480752	6262320652.8675	0	0	0	0	0	-208388617.2530	0	0	0	0	0	0	0	0	0	0	0	0	0	-12908361.32052	0	0	0	0
0.2726586659961	4602592972.6323	0	0	0	0	0	-179173788.0646	0	0	0	0	0	0	0	0	0	0	0	0	0	-5049931.306976	0	0	0	0
0.3352320340290	3321827740.9076	0	0	0	0	0	-155341426.8544	0	0	0	0	0	0	0	0	0	0	0	0	0	-534892.1095275	0	0	0	0
0.4121655778981	2347439710.9551	0	0	0	0	0	-133406525.9752	0	0	0	0	0	0	0	0	0	0	0	0	0	4440163.0060050	0	0	0	0
0.5067548633773	1614890280.5325	0	0	0	0	0	-112906862.9779	0	0	0	0	0	0	0	0	0	0	0	0	0	9047507.8340580	0	0	0	0
0.6230517668801	1082587011.7385	0	0	0	0	0	-92784515.79274	0	0	0	0	0	0	0	0	0	0	0	0	0	12537279.981784	0	0	0	0
0.7660380437699	698706916.77317	0	0	0	0	0	-72783314.76388	0	0	0	0	0	0	0	0	0	0	0	0	0	14445614.256721	0	0	0	0
0.9418387294546	431623281.79304	0	0	0	0	0	-54483272.25895	0	0	0	0	0	0	0	0	0	0	0	0	0	14536238.705354	0	0	0	0
1.1579845146270	252255232.53853	0	0	0	0	0	-37642123.23777	0	0	0	0	0	0	0	0	0	0	0	0	0	12560335.633747	0	0	0	0
1.4237343338942	137659566.92810	0	0	0	0	0	-24209454.15399	0	0	0	0	0	0	0	0	0	0	0	0	0	9759804.2682312	0	0	0	0
1.7504719863739	68406800.642543	0	0	0	0	0	-14109000.15668	0	0	0	0	0	0	0	0	0	0	0	0	0	6599906.3656211	0	0	0	0
2.1521937781036	29966020.615600	0	0	0	0	0	-7195846.735201	0	0	0	0	0	0	0	0	0	0	0	0	0	3826425.2259547	0	0	0	0
2.6461080751729	10979609.359921	0	0	0	0	0	-3033481.154551	0	0	0	0	0	0	0	0	0	0	0	0	0	1800604.2614127	0	0	0	0
3.2533724503493	3104199.6173758	0	0	0	0	0	-959578.2591774	0	0	0	0	0	0	0	0	0	0	0	0	0	623969.31686145	0	0	0	0
4.0000000000000	595650.58339634	0	0	0	0	0	-195313.1372926	0	0	0	0	0	0	0	0	0	0	0	0	0	136992.22727192	0	0	0	0
