DensitySphericalHarmonic
50	#n_radial
4	#l_max
0	#unused
#rho
#radius	l=0,m=0	l=1,m=-1	l=1,m=0	l=1,m=1	l=2,m=-2	l=2,m=-1	l=2,m=0	l=2,m=1	l=2,m=2	l=3,m=-3	l=3,m=-2	l=3,m=-1	l=3,m=0	l=3,m=1	l=3,m=2	l=3,m=3	l=4,m=-4	l=4,m=-3	l=4,m=-2	l=4,m=-1	l=4,m=0	l=4,m=1	l=4,m=2	l=4,m=3	l=4,m=4
0.1000000000000	1081303966.1032	0	0	0	0	0	-8122435.884474	0	0	0	0	0	0	0	0	0	0	0	0	0	-385831.6174065	0	0	0	0
0.1247088708531	944368101.91482	0	0	0	0	0	-8126690.571607	0	0	0	0	0	0	0	0	0	0	0	0	0	-58143.10821202	0	0	0	0
0.1555230246945	817202791.54705	0	0	0	0	0	-8005726.516568	0	0	0	0	0	0	0	0	0	0	0	0	0	-612036.6441171	0	0	0	0
0.1939510080132	700976153.54450	0	0	0	0	0	-7996659.209516	0	0	0	0	0	0	0	0	0	0	0	0	0	-266185.9992836	0	0	0	0
0.2418741121014	595248848.29173	0	0	0	0	0	-8246893.057642	0	0	0	0	0	0	0	0	0	0	0	0	0	-603323.9523564	0	0	0	0
0.3016384740876	499465531.62779	0	0	0	0	0	-9043142.050762	0	0	0	0	0	0	0	0	0	0	0	0	0	-763850.0447228	0	0	0	0
0.3761699350932	415446710.13502	0	0	0	0	0	-10006374.05768	0	0	0	0	0	0	0	0	0	0	0	0	0	92899.263398096	0	0	0	0
0.4691172785435	341585294.35748	0	0	0	0	0	-10689020.96656	0	0	0	0	0	0	0	0	0	0	0	0	0	53178.735114467	0	0	0	0
0.5850308610484	277241470.16950	0	0	0	0	0	-11011381.79882	0	0	0	0	0	0	0	0	0	0	0	0	0	744505.78412214	0	0	0	0
0.7295853809557	222146796.51351	0	0	0	0	0	-10949649.47139	0	0	0	0	0	0	0	0	0	0	0	0	0	1336627.4565650	0	0	0	0
0.9098576904991	175912165.63821	0	0	0	0	0	-10406816.53786	0	0	0	0	0	0	0	0	0	0	0	0	0	1774758.8772323	0	0	0	0
1.1346732521915	137765668.84920	0	0	0	0	0	-9450687.941861	0	0	0	0	0	0	0	0	0	0	0	0	0	2164219.6547702	0	0	0	0
1.4150382006801	106980209.94315	0	0	0	0	0	-8271544.440994	0	0	0	0	0	0	0	0	0	0	0	0	0	2333394.3538770	0	0	0	0
1.7646781622082	82377036.898711	0	0	0	0	0	-6895610.589035	0	0	0	0	0	0	0	0	0	0	0	0	0	2279791.5369824	0	0	0	0
2.2007102102810	62927005.757887	0	0	0	0	0	-5642398.221428	0	0	0	0	0	0	0	0	0	0	0	0	0	2101105.1783133	0	0	0	0
2.7444808539903	47750678.252529	0	0	0	0	0	-4499926.112036	0	0	0	0	0	0	0	0	0	0	0	0	0	1874896.4586225	0	0	0	0
3.4226110837907	35803181.573796	0	0	0	0	0	-3350761.963730	0	0	0	0	0	0	0	0	0	0	0	0	0	1463956.9901451	0	0	0	0
4.2682996362884	26529113.155025	0	0	0	0	0	-2392238.090724	0	0	0	0	0	0	0	0	0	0	0	0	0	1107364.9886084	0	0	0	0
5.3229482810421	19389332.395591	0	0	0	0	0	-1623940.088310	0	0	0	0	0	0	0	0	0	0	0	0	0	770669.04082966	0	0	0	0
6.6381886973820	13946795.504102	0	0	0	0	0	-1034454.150264	0	0	0	0	0	0	0	0	0	0	0	0	0	495269.23301216	0	0	0	0
8.2784101696031	9875715.4880322	0	0	0	0	0	-616001.8610522	0	0	0	0	0	0	0	0	0	0	0	0	0	292838.08399086	0	0	0	0
10.323911847100	6892966.3832701	0	0	0	0	0	-345237.1749397	0	0	0	0	0	0	0	0	0	0	0	0	0	154249.87000702	0	0	0	0
12.874833892388	4736072.0161514	0	0	0	0	0	-182058.8435347	0	0	0	0	0	0	0	0	0	0	0	0	0	72155.588189615	0	0	0	0
16.056059971409	3197398.6604945	0	0	0	0	0	-91258.14054961	0	0	0	0	0	0	0	0	0	0	0	0	0	31122.693980490	0	0	0	0
20.023331093840	2121902.4665762	0	0	0	0	0	-43219.01460458	0	0	0	0	0	0	0	0	0	0	0	0	0	3465.1199262147	0	0	0	0
24.970870114305	1364600.4806791	0	0	0	0	0	-17235.36206122	0	0	0	0	0	0	0	0	0	0	0	0	0	1758.3072500100	0	0	0	0
31.140890161743	850569.56879649	0	0	0	0	0	-5398.448285375	0	0	0	0	0	0	0	0	0	0	0	0	0	117.18261063244	0	0	0	0
38.835452494314	511491.78536394	0	0	0	0	0	-1341.203279003	0	0	0	0	0	0	0	0	0	0	0	0	0	-20.49649215712	0	0	0	0
48.431254296350	294261.50201224	0	0	0	0	0	-102.7268925988	0	0	0	0	0	0	0	0	0	0	0	0	0	-93.40781628856	0	0	0	0
60.398070372970	160990.60851892	0	0	0	0	0	322.00687439500	0	0	0	0	0	0	0	0	0	0	0	0	0	-200.0194263290	0	0	0	0
75.321751579191	83430.523183625	0	0	0	0	0	208.29841521246	0	0	0	0	0	0	0	0	0	0	0	0	0	-83.38175954482	0	0	0	0
93.932905901184	40686.073236763	0	0	0	0	0	105.14147481412	0	0	0	0	0	0	0	0	0	0	0	0	0	-17.07828971418	0	0	0	0
117.14266630887	18582.766588650	0	0	0	0	0	48.251141651459	0	0	0	0	0	0	0	0	0	0	0	0	0	-9.953070996687	0	0	0	0
146.08729644100	7893.0736535752	0	0	0	0	0	19.225931305828	0	0	0	0	0	0	0	0	0	0	0	0	0	-2.895799545828	0	0	0	0
182.18381785139	3097.5754723234	0	0	0	0	0	6.4746405900835	0	0	0	0	0	0	0	0	0	0	0	0	0	-1.532014391276	0	0	0	0
227.19938211954	1112.8184758475	0	0	0	0	0	1.9250281369233	0	0	0	0	0	0	0	0	0	0	0	0	0	-0.437645938026	0	0	0	0
283.33778402649	361.47338425031	0	0	0	0	0	0.5832102368644	0	0	0	0	0	0	0	0	0	0	0	0	0	-0.089809489160	0	0	0	0
353.34735115963	104.52006219373	0	0	0	0	0	0.1493211070124	0	0	0	0	0	0	0	0	0	0	0	0	0	-0.028465836567	0	0	0	0
440.65549182050	26.330921748825	0	0	0	0	0	0.0251148238621	0	0	0	0	0	0	0	0	0	0	0	0	0	-0.007987039692	0	0	0	0
549.53648820151	5.6188528496806	0	0	0	0	0	0.0080542634548	0	0	0	0	0	0	0	0	0	0	0	0	0	-8.297192499e-4	0	0	0	0
685.32074936188	0.9791341497769	0	0	0	0	0	0.0016500522681	0	0	0	0	0	0	0	0	0	0	0	0	0	-2.977518859e-4	0	0	0	0
854.65576825118	0.1331547512256	0	0	0	0	0	1.1191696661e-4	0	0	0	0	0	0	0	0	0	0	0	0	0	7.8621815254e-5	0	0	0	0
1065.8315582669	0.0133090306771	0	0	0	0	0	1.7364067073e-5	0	0	0	0	0	0	0	0	0	0	0	0	0	-4.831525931e-7	0	0	0	0
1329.1865015107	9.1219679438e-4	0	0	0	0	0	9.6641673920e-7	0	0	0	0	0	0	0	0	0	0	0	0	0	-2.142956437e-8	0	0	0	0
1657.6134775657	3.9245824755e-5	0	0	0	0	0	2.9094872510e-8	0	0	0	0	0	0	0	0	0	0	0	0	0	2.6536098389e-9	0	0	0	0
2067.1910509810	9.5008518057e-7	0	0	0	0	0	4.970830416e-10	0	0	0	0	0	0	0	0	0	0	0	0	0	3.003066591e-10	0	0	0	0
2577.9706180547	1.1294892419e-8	0	0	0	0	0	2.982280478e-12	0	0	0	0	0	0	0	0	0	0	0	0	0	1.740464466e-12	0	0	0	0
3214.9580487006	5.542591531e-11	0	0	0	0	0	2.273667160e-14	0	0	0	0	0	0	0	0	0	0	0	0	0	1.626508481e-14	0	0	0	0
4009.3378809354	9.024545450e-14	0	0	0	0	0	2.143846947e-17	0	0	0	0	0	0	0	0	0	0	0	0	0	9.037376801e-18	0	0	0	0
5000.0000000000	3.707511790e-17	0	0	0	0	0	8.095402385e-21	0	0	0	0	0	0	0	0	0	0	0	0	0	2.436202866e-21	0	0	0	0
