DensityAzimuthalHarmonic
20	#size_R
16	#size_z
0	#m_max
#rho
0	#m
#R(row)\z(col)	0.0000000000000	0.0500000000000	0.1160597982526	0.2033377371559	0.3186489978730	0.4709977702574	0.6722803536121	0.9382140905755	1.2895646708224	1.7537676397630	2.3670707292920	3.1773642965311	4.2479208880743	5.6623359371800	7.5310553929660	1.00000000000e1
0.0000000000000	21169081.410995	20872243.710112	19957204.450495	17444741.204148	12419617.465179	6349505.5972714	1955105.2062667	260234.18573444	10467.807134119	82.935946951129	0.0589900883458	4.6473313221e-7	1.149167314e-16	8.189211717e-37	1.845289118e-71	3.22893169e-126
0.1000000000000	24087049.442937	23642247.110334	21839683.561655	17987568.885593	12123703.975838	5929080.5122969	1734920.8590379	229031.54661723	9495.4110164168	78.344412380311	0.0567231038056	4.4105261259e-7	1.024307364e-16	4.868759771e-37	4.421137812e-72	3.11240818e-127
0.2258078383053	27363229.711162	26694045.015279	24007384.354444	18770560.924652	11871730.258393	5441294.9847369	1510628.9718927	195687.50965047	8290.3600726523	70.694134064121	0.0516670957370	3.9550060756e-7	8.691480758e-17	3.648823280e-37	2.533101121e-72	1.26016834e-127
0.3840839600957	29300230.924186	28423720.390403	25031618.792071	18807697.662283	11275455.135205	4846858.1141446	1263757.1231438	158470.60074909	6762.2110300236	58.773851437710	0.0430065583510	3.1351546291e-7	6.178635308e-17	2.161893825e-37	1.142465509e-72	5.56166837e-128
0.5832077274736	28740530.978266	27774178.080878	24059192.825378	17556124.993519	10120595.755186	4111005.7825079	1003152.2600228	118924.99421581	4946.3053778828	42.926614438625	0.0305173409920	2.0332991483e-7	3.343422417e-17	9.123106662e-38	3.938073520e-73	2.13018730e-128
0.8337210347637	25418151.787520	24490157.538696	21016030.316916	15052718.699235	8408037.5309893	3259127.7049689	741956.05582932	80767.616050420	3102.0095306803	25.244206693243	0.0164702429575	9.2768356550e-8	1.126137761e-17	2.165362038e-38	8.900607034e-74	5.56559360e-129
1.1488864113325	19929974.625963	19164886.678662	16325256.213645	11538076.967974	6314440.1151827	2347249.7111677	496690.51221449	47694.408634442	1544.9295738402	10.480451632315	0.0055687829491	2.3009198935e-8	1.667708700e-18	1.918969110e-39	9.212565434e-75	7.17004236e-130
1.5453891586802	13610120.355033	13072671.138270	11085897.424234	7764232.4383904	4171260.6824031	1495532.7264359	291339.12351965	23473.672073845	558.97129487398	2.5106918492226	8.4879564769e-4	1.9777465620e-9	6.015206561e-20	3.413032096e-41	2.512173259e-76	2.79462279e-131
2.0442206939394	7954288.4458400	7637217.7472800	6463285.7696295	4505788.6866371	2391195.8915158	827303.83259881	147104.11394992	9453.9140746140	138.24481082592	0.2735039877275	3.3434777302e-5	2.629794718e-11	1.863030832e-22	5.006597316e-44	7.672548631e-79	1.53307597e-133
2.6717898652339	3915360.1778836	3761092.9055674	3186187.7217244	2221684.0015329	1171771.5612354	395583.10259415	64742.790405749	3301.5163480570	26.738117065298	0.0142966230789	1.9247305992e-7	1.245596618e-14	7.617257038e-27	1.617606060e-48	6.884460547e-83	1.76494351e-137
3.4613210735097	1602682.0652896	1540988.7430455	1311284.3288475	920337.64750858	488201.59044095	163811.02467439	25657.718989218	1123.2907297139	5.8949536514664	9.8075064844e-4	7.031124484e-10	1.334162674e-19	2.092232252e-34	1.355412325e-55	2.279468286e-89	2.68819322e-143
4.4546132193869	535775.51398265	516182.71466582	442617.57963826	314943.92997851	170804.55571779	58663.344113849	9342.3274349630	404.84669417688	1.8991529035902	2.0735546527e-4	4.173469108e-11	2.542323325e-22	9.718653344e-41	2.439575270e-70	5.94371753e-100	1.49140322e-152
5.7042525961708	143402.71973426	138535.14890573	120032.99958022	87135.598669540	48662.580467519	17607.536256048	3038.2372064097	147.77115659225	0.8146303614397	1.0741280974e-4	2.430745622e-11	5.898367631e-23	7.831952975e-42	4.525228374e-72	1.26959130e-119	2.01140987e-190
7.2763968827140	29762.580489562	28840.474693271	25296.620100201	18818.813134925	10956.686721087	4263.2911391609	831.62275276436	49.823823841252	0.3894018692413	9.0899439472e-5	5.096667238e-11	4.747235791e-22	3.676712777e-40	7.667155749e-70	2.52210185e-116	7.34225955e-187
9.2542776246536	4613.5745697513	4485.8310875717	3988.7264551199	3052.5200904260	1865.8379527296	792.78338562641	180.34870178268	14.126395306411	0.1758406786107	9.1248649809e-5	1.976827123e-10	1.682324496e-20	7.505242159e-37	1.583755666e-64	6.31758518e-109	0.0000000000000
11.742606630344	509.53182375993	497.43227808847	449.04008103071	354.65412901033	228.93553762913	107.30479366716	29.031116898230	3.0849463189109	0.0654919748667	8.5995202601e-5	9.220131145e-10	2.364485515e-18	2.041329560e-33	5.535565193e-58	1.251944165e-98	0.0000000000000
14.873119562325	37.931631248464	37.165176970964	34.088564710387	27.855928322092	19.074888521417	9.9203997769915	3.2302094343367	0.4747165476964	0.0178067059974	6.3242904018e-5	3.8088273114e-9	1.929037933e-16	4.740116727e-29	1.516345952e-50	2.601057511e-86	8.11980336e-144
18.811550209918	1.7501346346405	1.7214456547967	1.6047855827464	1.3567855054672	0.9864786020560	0.5695685768351	0.2234996100220	0.0464006571471	0.0030974773795	3.0136659873e-5	1.0211333537e-8	1.133913649e-14	5.184992714e-25	4.147460748e-43	6.886466908e-73	2.24861915e-122
23.766404670806	0.0442967801174	0.0437015635751	0.0413237163253	0.0361224127357	0.0278290674689	0.0177526108701	0.0083466742953	0.0023300030373	2.6994175196e-4	6.9152994780e-6	1.3097277242e-8	2.729207019e-13	2.153765170e-21	1.981178813e-35	1.816793315e-59	8.33350525e-100
30.000000000000	0.0000000000000	0.0000000000000	0.0000000000000	0.0000000000000	0.0000000000000	0.0000000000000	0.0000000000000	0.0000000000000	0.0000000000000	0.0000000000000	0.0000000000000	0.0000000000000	0.0000000000000	0.0000000000000	0.0000000000000	0.0000000000000
