DensitySphericalHarmonic
30	#n_radial
4	#l_max
0	#unused
#rho
#radius	l=0,m=0	l=1,m=-1	l=1,m=0	l=1,m=1	l=2,m=-2	l=2,m=-1	l=2,m=0	l=2,m=1	l=2,m=2	l=3,m=-3	l=3,m=-2	l=3,m=-1	l=3,m=0	l=3,m=1	l=3,m=2	l=3,m=3	l=4,m=-4	l=4,m=-3	l=4,m=-2	l=4,m=-1	l=4,m=0	l=4,m=1	l=4,m=2	l=4,m=3	l=4,m=4
0.0100000000000	71215258609.046	0	0	0	0	0	51719367.862053	0	0	0	0	0	0	0	0	0	0	0	0	0	23332333.560252	0	0	0	0
0.0122949341369	68132335445.089	0	0	0	0	0	27596002.670348	0	0	0	0	0	0	0	0	0	0	0	0	0	22194300.237859	0	0	0	0
0.0151165405432	64371026801.831	0	0	0	0	0	70081237.997488	0	0	0	0	0	0	0	0	0	0	0	0	0	64936837.195145	0	0	0	0
0.0185856870357	60340352187.400	0	0	0	0	0	-144123271.3665	0	0	0	0	0	0	0	0	0	0	0	0	0	-2237718.370302	0	0	0	0
0.0228509797994	55726530570.664	0	0	0	0	0	-125414162.3051	0	0	0	0	0	0	0	0	0	0	0	0	0	33558742.843221	0	0	0	0
0.0280951291598	50603030530.255	0	0	0	0	0	-174808610.1210	0	0	0	0	0	0	0	0	0	0	0	0	0	4621765.2815065	0	0	0	0
0.0345427762589	45102358675.533	0	0	0	0	0	-226466095.0465	0	0	0	0	0	0	0	0	0	0	0	0	0	-2826476.823717	0	0	0	0
0.0424701159010	39380843973.153	0	0	0	0	0	-269606665.6779	0	0	0	0	0	0	0	0	0	0	0	0	0	7155051.1282924	0	0	0	0
0.0522167277791	33670955665.466	0	0	0	0	0	-300566743.5082	0	0	0	0	0	0	0	0	0	0	0	0	0	1377856.9580704	0	0	0	0
0.0642001228891	28181340425.038	0	0	0	0	0	-319834266.2815	0	0	0	0	0	0	0	0	0	0	0	0	0	153660.17028995	0	0	0	0
0.0789336282506	23081151036.484	0	0	0	0	0	-316121474.0264	0	0	0	0	0	0	0	0	0	0	0	0	0	-9371807.096061	0	0	0	0
0.0970483760531	18520273683.944	0	0	0	0	0	-294197622.3659	0	0	0	0	0	0	0	0	0	0	0	0	0	-12492097.12970	0	0	0	0
0.1193203391671	14568376859.755	0	0	0	0	0	-274281332.1140	0	0	0	0	0	0	0	0	0	0	0	0	0	-13253409.02021	0	0	0	0
0.1467035711257	11258201233.359	0	0	0	0	0	-246556312.2850	0	0	0	0	0	0	0	0	0	0	0	0	0	-14786388.44432	0	0	0	0
0.1803710744645	8548037298.3466	0	0	0	0	0	-219737605.4043	0	0	0	0	0	0	0	0	0	0	0	0	0	-13810753.08152	0	0	0	0
0.2217650480752	6382602315.4095	0	0	0	0	0	-193730583.9310	0	0	0	0	0	0	0	0	0	0	0	0	0	-12212898.06074	0	0	0	0
0.2726586659961	4681679075.2608	0	0	0	0	0	-171244388.0835	0	0	0	0	0	0	0	0	0	0	0	0	0	-6087138.910069	0	0	0	0
0.3352320340290	3371640562.1010	0	0	0	0	0	-150244622.8324	0	0	0	0	0	0	0	0	0	0	0	0	0	-1053546.006726	0	0	0	0
0.4121655778981	2375621512.3843	0	0	0	0	0	-130914743.5109	0	0	0	0	0	0	0	0	0	0	0	0	0	4536567.9471616	0	0	0	0
0.5067548633773	1629336816.7606	0	0	0	0	0	-111582113.1878	0	0	0	0	0	0	0	0	0	0	0	0	0	9152446.3148062	0	0	0	0
0.6230517668801	1088964110.0872	0	0	0	0	0	-91498250.04977	0	0	0	0	0	0	0	0	0	0	0	0	0	12701050.332194	0	0	0	0
0.7660380437699	700776511.72007	0	0	0	0	0	-71857843.45325	0	0	0	0	0	0	0	0	0	0	0	0	0	14550963.970633	0	0	0	0
0.9418387294546	431536677.53970	0	0	0	0	0	-53474554.83532	0	0	0	0	0	0	0	0	0	0	0	0	0	14146049.160054	0	0	0	0
1.1579845146270	251553803.86846	0	0	0	0	0	-37009009.86089	0	0	0	0	0	0	0	0	0	0	0	0	0	12467502.004956	0	0	0	0
1.4237343338942	136862372.81690	0	0	0	0	0	-23765549.92322	0	0	0	0	0	0	0	0	0	0	0	0	0	9591208.4883280	0	0	0	0
1.7504719863739	67856275.100360	0	0	0	0	0	-13859895.75091	0	0	0	0	0	0	0	0	0	0	0	0	0	6528082.7374978	0	0	0	0
2.1521937781036	29662437.512719	0	0	0	0	0	-7086477.742256	0	0	0	0	0	0	0	0	0	0	0	0	0	3798338.3867401	0	0	0	0
2.6461080751729	10850517.859571	0	0	0	0	0	-2999766.598366	0	0	0	0	0	0	0	0	0	0	0	0	0	1797888.0102830	0	0	0	0
3.2533724503493	3055180.3777637	0	0	0	0	0	-946539.5982624	0	0	0	0	0	0	0	0	0	0	0	0	0	621129.34499672	0	0	0	0
4.0000000000000	581468.20465531	0	0	0	0	0	-190042.7712433	0	0	0	0	0	0	0	0	0	0	0	0	0	134147.53121553	0	0	0	0
