Multipole
50	#n_radial
4	#l_max
0	#unused
#Phi
#radius	l=0,m=0	l=1,m=-1	l=1,m=0	l=1,m=1	l=2,m=-2	l=2,m=-1	l=2,m=0	l=2,m=1	l=2,m=2	l=3,m=-3	l=3,m=-2	l=3,m=-1	l=3,m=0	l=3,m=1	l=3,m=2	l=3,m=3	l=4,m=-4	l=4,m=-3	l=4,m=-2	l=4,m=-1	l=4,m=0	l=4,m=1	l=4,m=2	l=4,m=3	l=4,m=4
0.0100000000000	-218681.5659636	0	0	0	0	0	1.1861690816082	0	0	0	0	0	0	0	0	0	0	0	0	0	-0.008594851925	0	0	0	0
0.0130709005487	-218632.9039134	0	0	0	0	0	2.0033233064729	0	0	0	0	0	0	0	0	0	0	0	0	0	-0.013150201701	0	0	0	0
0.0170848441153	-218554.9378283	0	0	0	0	0	3.3601693158744	0	0	0	0	0	0	0	0	0	0	0	0	0	-0.019055002828	0	0	0	0
0.0223314298321	-218431.2259655	0	0	0	0	0	5.5547174041509	0	0	0	0	0	0	0	0	0	0	0	0	0	-0.022007842906	0	0	0	0
0.0291891898445	-218237.9907471	0	0	0	0	0	8.9161078415972	0	0	0	0	0	0	0	0	0	0	0	0	0	-0.038912547286	0	0	0	0
0.0381528997554	-217942.1060917	0	0	0	0	0	14.057287163010	0	0	0	0	0	0	0	0	0	0	0	0	0	-0.053479752292	0	0	0	0
0.0498692758346	-217500.0238881	0	0	0	0	0	21.587912976882	0	0	0	0	0	0	0	0	0	0	0	0	0	-0.079207519654	0	0	0	0
0.0651836344869	-216857.7445751	0	0	0	0	0	32.158401039769	0	0	0	0	0	0	0	0	0	0	0	0	0	-0.010996530907	0	0	0	0
0.0852008803779	-215952.1089681	0	0	0	0	0	46.600775185890	0	0	0	0	0	0	0	0	0	0	0	0	0	0.0808611152499	0	0	0	0
0.1113652234079	-214713.3873890	0	0	0	0	0	65.873319067110	0	0	0	0	0	0	0	0	0	0	0	0	0	0.1021350084873	0	0	0	0
0.1455643759746	-213068.3994194	0	0	0	0	0	91.306009576795	0	0	0	0	0	0	0	0	0	0	0	0	0	-0.217058508475	0	0	0	0
0.1902657481793	-210944.8421387	0	0	0	0	0	124.78692864596	0	0	0	0	0	0	0	0	0	0	0	0	0	-0.664193286124	0	0	0	0
0.2486944672271	-208274.8779552	0	0	0	0	0	168.60054874913	0	0	0	0	0	0	0	0	0	0	0	0	0	-0.077654563701	0	0	0	0
0.3250660648130	-204994.5690804	0	0	0	0	0	223.49846471936	0	0	0	0	0	0	0	0	0	0	0	0	0	-1.864645150917	0	0	0	0
0.4248906204920	-201060.7664249	0	0	0	0	0	288.98564070819	0	0	0	0	0	0	0	0	0	0	0	0	0	-6.233832978042	0	0	0	0
0.5553703044515	-196458.1912174	0	0	0	0	0	361.02893717702	0	0	0	0	0	0	0	0	0	0	0	0	0	-14.35240317881	0	0	0	0
0.7259190017171	-191212.0894952	0	0	0	0	0	431.01268284202	0	0	0	0	0	0	0	0	0	0	0	0	0	-26.78033105058	0	0	0	0
0.9488415077837	-185397.7634931	0	0	0	0	0	487.23127140138	0	0	0	0	0	0	0	0	0	0	0	0	0	-42.27630837695	0	0	0	0
1.2402212984694	-179147.7464910	0	0	0	0	0	518.13805381648	0	0	0	0	0	0	0	0	0	0	0	0	0	-57.21444424712	0	0	0	0
1.6210809250640	-172635.8983928	0	0	0	0	0	518.90445500078	0	0	0	0	0	0	0	0	0	0	0	0	0	-67.37487943851	0	0	0	0
2.1188987552862	-166042.8106861	0	0	0	0	0	493.61672146202	0	0	0	0	0	0	0	0	0	0	0	0	0	-69.72903950575	0	0	0	0
2.7695914903054	-159502.3143009	0	0	0	0	0	455.74021392800	0	0	0	0	0	0	0	0	0	0	0	0	0	-65.75649230040	0	0	0	0
3.6201054930233	-153039.4580465	0	0	0	0	0	420.74853809123	0	0	0	0	0	0	0	0	0	0	0	0	0	-60.68736987972	0	0	0	0
4.7318038875014	-146545.3583298	0	0	0	0	0	394.30793315492	0	0	0	0	0	0	0	0	0	0	0	0	0	-58.47285708706	0	0	0	0
6.1848938029356	-139817.2534810	0	0	0	0	0	366.63178104500	0	0	0	0	0	0	0	0	0	0	0	0	0	-56.25763782300	0	0	0	0
8.0842131802276	-132651.2358734	0	0	0	0	0	327.45074456434	0	0	0	0	0	0	0	0	0	0	0	0	0	-50.36718269033	0	0	0	0
10.566794649303	-124893.7730888	0	0	0	0	0	276.01377629722	0	0	0	0	0	0	0	0	0	0	0	0	0	-39.90234973024	0	0	0	0
13.811752197929	-116448.4991318	0	0	0	0	0	217.36119776860	0	0	0	0	0	0	0	0	0	0	0	0	0	-26.90599269382	0	0	0	0
18.053203938205	-107280.9583802	0	0	0	0	0	158.22065861571	0	0	0	0	0	0	0	0	0	0	0	0	0	-13.21292974920	0	0	0	0
23.597163326119	-97423.00718383	0	0	0	0	0	103.52490392554	0	0	0	0	0	0	0	0	0	0	0	0	0	-4.635101141156	0	0	0	0
30.843617506651	-86998.30439199	0	0	0	0	0	58.758671122871	0	0	0	0	0	0	0	0	0	0	0	0	0	-1.316375290758	0	0	0	0
40.315385699075	-76232.49380811	0	0	0	0	0	27.719206824378	0	0	0	0	0	0	0	0	0	0	0	0	0	0.0852479670871	0	0	0	0
52.695839705401	-65433.83909558	0	0	0	0	0	8.9475904450029	0	0	0	0	0	0	0	0	0	0	0	0	0	0.9353626394412	0	0	0	0
68.878208011812	-54968.80487259	0	0	0	0	0	-0.293939259131	0	0	0	0	0	0	0	0	0	0	0	0	0	1.1656267536797	0	0	0	0
90.030020689322	-45204.54981001	0	0	0	0	0	-3.152404791508	0	0	0	0	0	0	0	0	0	0	0	0	0	0.6840324125025	0	0	0	0
117.67734468251	-36444.94783282	0	0	0	0	0	-3.231676372241	0	0	0	0	0	0	0	0	0	0	0	0	0	0.3768575089883	0	0	0	0
153.81488691771	-28882.32001446	0	0	0	0	0	-2.380349019553	0	0	0	0	0	0	0	0	0	0	0	0	0	0.1975351177330	0	0	0	0
201.04990898068	-22578.57294217	0	0	0	0	0	-1.466147766605	0	0	0	0	0	0	0	0	0	0	0	0	0	0.1004524300589	0	0	0	0
262.79033656062	-17478.65657578	0	0	0	0	0	-0.812571566394	0	0	0	0	0	0	0	0	0	0	0	0	0	0.0417522803841	0	0	0	0
343.49063543363	-13447.09107260	0	0	0	0	0	-0.418579269627	0	0	0	0	0	0	0	0	0	0	0	0	0	0.0167735394226	0	0	0	0
448.97319351535	-10310.68272090	0	0	0	0	0	-0.202701605918	0	0	0	0	0	0	0	0	0	0	0	0	0	0.0065572938282	0	0	0	0
586.84839614594	-7893.867170717	0	0	0	0	0	-0.094711550038	0	0	0	0	0	0	0	0	0	0	0	0	0	0.0020755908009	0	0	0	0
767.06370231720	-6040.305133828	0	0	0	0	0	-0.043092212084	0	0	0	0	0	0	0	0	0	0	0	0	0	5.0599533356e-4	0	0	0	0
1002.6213367485	-4621.320799677	0	0	0	0	0	-0.019369696524	0	0	0	0	0	0	0	0	0	0	0	0	0	1.1524292834e-4	0	0	0	0
1310.5163780618	-3535.590921415	0	0	0	0	0	-0.008681361320	0	0	0	0	0	0	0	0	0	0	0	0	0	3.0461982821e-5	0	0	0	0
1712.9629245053	-2704.933474037	0	0	0	0	0	-0.003887759430	0	0	0	0	0	0	0	0	0	0	0	0	0	7.9798616090e-6	0	0	0	0
2238.9968029773	-2069.431621182	0	0	0	0	0	-0.001740940368	0	0	0	0	0	0	0	0	0	0	0	0	0	2.0903848106e-6	0	0	0	0
2926.5704540514	-1583.235687276	0	0	0	0	0	-7.795920065e-4	0	0	0	0	0	0	0	0	0	0	0	0	0	5.4788752109e-7	0	0	0	0
3825.2911353591	-1211.267487945	0	0	0	0	0	-3.491008019e-4	0	0	0	0	0	0	0	0	0	0	0	0	0	1.4360304950e-7	0	0	0	0
5000.0000000000	-926.6901568368	0	0	0	0	0	-1.563271160e-4	0	0	0	0	0	0	0	0	0	0	0	0	0	3.7639056692e-8	0	0	0	0

#dPhi/dr
#radius	l=0,m=0	l=1,m=-1	l=1,m=0	l=1,m=1	l=2,m=-2	l=2,m=-1	l=2,m=0	l=2,m=1	l=2,m=2	l=3,m=-3	l=3,m=-2	l=3,m=-1	l=3,m=0	l=3,m=1	l=3,m=2	l=3,m=3	l=4,m=-4	l=4,m=-3	l=4,m=-2	l=4,m=-1	l=4,m=0	l=4,m=1	l=4,m=2	l=4,m=3	l=4,m=4
0.0100000000000	14202.183363234	0	0	0	0	0	232.28773402414	0	0	0	0	0	0	0	0	0	0	0	0	0	-1.362880480909	0	0	0	0
0.0130709005487	17452.185868212	0	0	0	0	0	298.73111856329	0	0	0	0	0	0	0	0	0	0	0	0	0	-1.665506055482	0	0	0	0
0.0170848441153	21320.895978226	0	0	0	0	0	376.13910939738	0	0	0	0	0	0	0	0	0	0	0	0	0	-0.821098703266	0	0	0	0
0.0223314298321	25715.987629979	0	0	0	0	0	453.02506751944	0	0	0	0	0	0	0	0	0	0	0	0	0	-1.812512136015	0	0	0	0
0.0291891898445	30471.463638949	0	0	0	0	0	529.05433488091	0	0	0	0	0	0	0	0	0	0	0	0	0	-0.934044534880	0	0	0	0
0.0381528997554	35314.156355589	0	0	0	0	0	610.77280593055	0	0	0	0	0	0	0	0	0	0	0	0	0	-3.767484844017	0	0	0	0
0.0498692758346	39862.091359224	0	0	0	0	0	668.24631549569	0	0	0	0	0	0	0	0	0	0	0	0	0	1.1228120756383	0	0	0	0
0.0651836344869	43695.758383121	0	0	0	0	0	708.41774222653	0	0	0	0	0	0	0	0	0	0	0	0	0	6.0452863009250	0	0	0	0
0.0852008803779	46464.304729679	0	0	0	0	0	730.19222058780	0	0	0	0	0	0	0	0	0	0	0	0	0	2.5122593617489	0	0	0	0
0.1113652234079	47930.196192946	0	0	0	0	0	741.53484838214	0	0	0	0	0	0	0	0	0	0	0	0	0	-0.368208280823	0	0	0	0
0.1455643759746	48044.804812647	0	0	0	0	0	744.51662465361	0	0	0	0	0	0	0	0	0	0	0	0	0	-22.64099878591	0	0	0	0
0.1902657481793	46805.873850208	0	0	0	0	0	754.55018728477	0	0	0	0	0	0	0	0	0	0	0	0	0	15.954791534819	0	0	0	0
0.2486944672271	44538.105926488	0	0	0	0	0	739.09651854697	0	0	0	0	0	0	0	0	0	0	0	0	0	-10.25225661833	0	0	0	0
0.3250660648130	41371.466215261	0	0	0	0	0	695.40068844605	0	0	0	0	0	0	0	0	0	0	0	0	0	-32.46963680664	0	0	0	0
0.4248906204920	37517.167054777	0	0	0	0	0	613.45264658497	0	0	0	0	0	0	0	0	0	0	0	0	0	-53.57717116270	0	0	0	0
0.5553703044515	33160.649711510	0	0	0	0	0	489.55170468629	0	0	0	0	0	0	0	0	0	0	0	0	0	-69.04773770915	0	0	0	0
0.7259190017171	28537.636470995	0	0	0	0	0	335.42189283577	0	0	0	0	0	0	0	0	0	0	0	0	0	-74.12330095869	0	0	0	0
0.9488415077837	23843.036831431	0	0	0	0	0	177.29117501438	0	0	0	0	0	0	0	0	0	0	0	0	0	-62.50317401382	0	0	0	0
1.2402212984694	19304.819533728	0	0	0	0	0	48.270415165042	0	0	0	0	0	0	0	0	0	0	0	0	0	-40.11462860155	0	0	0	0
1.6210809250640	15158.654610279	0	0	0	0	0	-31.93719044288	0	0	0	0	0	0	0	0	0	0	0	0	0	-14.76331229788	0	0	0	0
2.1188987552862	11599.351034313	0	0	0	0	0	-60.57379775349	0	0	0	0	0	0	0	0	0	0	0	0	0	2.5421546024019	0	0	0	0
2.7695914903054	8755.7792551511	0	0	0	0	0	-51.97188372403	0	0	0	0	0	0	0	0	0	0	0	0	0	7.4975099905440	0	0	0	0
3.6201054930233	6653.0397102091	0	0	0	0	0	-31.20871557225	0	0	0	0	0	0	0	0	0	0	0	0	0	3.8332241184570	0	0	0	0
4.7318038875014	5188.0120095628	0	0	0	0	0	-19.48481199660	0	0	0	0	0	0	0	0	0	0	0	0	0	1.1164690229925	0	0	0	0
6.1848938029356	4175.9023635098	0	0	0	0	0	-19.63299413670	0	0	0	0	0	0	0	0	0	0	0	0	0	2.2035714049825	0	0	0	0
8.0842131802276	3436.9654494697	0	0	0	0	0	-21.18203083640	0	0	0	0	0	0	0	0	0	0	0	0	0	3.8296761208040	0	0	0	0
10.566794649303	2858.8469658951	0	0	0	0	0	-19.83198508345	0	0	0	0	0	0	0	0	0	0	0	0	0	4.3279361313483	0	0	0	0
13.811752197929	2380.8698738884	0	0	0	0	0	-16.21915367512	0	0	0	0	0	0	0	0	0	0	0	0	0	3.6390380614653	0	0	0	0
18.053203938205	1969.8808730128	0	0	0	0	0	-11.90264988118	0	0	0	0	0	0	0	0	0	0	0	0	0	2.6375523092733	0	0	0	0
23.597163326119	1609.5667930575	0	0	0	0	0	-8.042681806820	0	0	0	0	0	0	0	0	0	0	0	0	0	0.7454026908955	0	0	0	0
30.843617506651	1288.1409630246	0	0	0	0	0	-4.605982804145	0	0	0	0	0	0	0	0	0	0	0	0	0	0.2736960931872	0	0	0	0
40.315385699075	1004.0064348402	0	0	0	0	0	-2.254085215583	0	0	0	0	0	0	0	0	0	0	0	0	0	0.0834929114856	0	0	0	0
52.695839705401	757.88235631492	0	0	0	0	0	-0.970733587793	0	0	0	0	0	0	0	0	0	0	0	0	0	0.0519691784641	0	0	0	0
68.878208011812	551.47794443637	0	0	0	0	0	-0.287973143771	0	0	0	0	0	0	0	0	0	0	0	0	0	-0.016429263979	0	0	0	0
90.030020689322	385.91383484781	0	0	0	0	0	-0.042991431327	0	0	0	0	0	0	0	0	0	0	0	0	0	-0.018831410398	0	0	0	0
117.67734468251	259.63876120836	0	0	0	0	0	0.0186695972667	0	0	0	0	0	0	0	0	0	0	0	0	0	-0.007068196963	0	0	0	0
153.81488691771	168.30426494156	0	0	0	0	0	0.0236927205094	0	0	0	0	0	0	0	0	0	0	0	0	0	-0.003017803816	0	0	0	0
201.04990898068	105.57801101765	0	0	0	0	0	0.0148880143631	0	0	0	0	0	0	0	0	0	0	0	0	0	-0.001498739010	0	0	0	0
262.79033656062	64.491235786506	0	0	0	0	0	0.0072564969842	0	0	0	0	0	0	0	0	0	0	0	0	0	-5.345565702e-4	0	0	0	0
343.49063543363	38.635042674935	0	0	0	0	0	0.0031745988481	0	0	0	0	0	0	0	0	0	0	0	0	0	-1.658215937e-4	0	0	0	0
448.97319351535	22.858915289452	0	0	0	0	0	0.0012584449124	0	0	0	0	0	0	0	0	0	0	0	0	0	-5.655821451e-5	0	0	0	0
586.84839614594	13.434337683022	0	0	0	0	0	4.6701814935e-4	0	0	0	0	0	0	0	0	0	0	0	0	0	-1.632270477e-5	0	0	0	0
767.06370231720	7.8726274529365	0	0	0	0	0	1.6715650829e-4	0	0	0	0	0	0	0	0	0	0	0	0	0	-3.895174163e-6	0	0	0	0
1002.6213367485	4.6090902132305	0	0	0	0	0	5.7812799370e-5	0	0	0	0	0	0	0	0	0	0	0	0	0	-5.750194996e-7	0	0	0	0
1310.5163780618	2.6978543217292	0	0	0	0	0	1.9868103238e-5	0	0	0	0	0	0	0	0	0	0	0	0	0	-1.161627901e-7	0	0	0	0
1712.9629245053	1.5790961857396	0	0	0	0	0	6.8087570821e-6	0	0	0	0	0	0	0	0	0	0	0	0	0	-2.331163255e-8	0	0	0	0
2238.9968029773	0.9242673394365	0	0	0	0	0	2.3326608234e-6	0	0	0	0	0	0	0	0	0	0	0	0	0	-4.668414111e-9	0	0	0	0
2926.5704540514	0.5409866982948	0	0	0	0	0	7.9915247328e-7	0	0	0	0	0	0	0	0	0	0	0	0	0	-9.36057829e-10	0	0	0	0
3825.2911353591	0.3166471374554	0	0	0	0	0	2.7378371188e-7	0	0	0	0	0	0	0	0	0	0	0	0	0	-1.87702083e-10	0	0	0	0
5000.0000000000	0.1853380313674	0	0	0	0	0	9.3796269595e-8	0	0	0	0	0	0	0	0	0	0	0	0	0	-3.76388779e-11	0	0	0	0
