CylSpline
30	#size_R
30	#size_z
0	#m_max
#Phi
0	#m
#R(row)\z(col)	0.0000000000000	0.0400000000000	0.0851278715323	0.1360409912583	0.1934810094158	0.2582846534215	0.3313959164593	0.4138798086078	0.5069378708168	0.6119256777272	0.7303725842950	0.8640040038698	1.0147665422511	1.1848563538501	1.3767511330199	1.5932462065724	1.8374952532388	2.1130562432351	2.4239432671319	2.7746850090189	3.1703907157414	3.6168246231808	4.1204899237456	4.6887234982251	5.3298027919616	6.0530663922058	6.8690500631014	7.7896402199175	8.8282470781853	10.000000000000
0.0000000000000	-371.5724841355	-370.5080749245	-367.2191137816	-361.6154569059	-353.6927492144	-343.5433040666	-331.3567321870	-317.4102117908	-302.0459155647	-285.6427207340	-268.5828321531	-251.2215960650	-233.8653657417	-216.7606944232	-200.0949087838	-184.0048313887	-168.5889361300	-153.9185722560	-140.0458016103	-127.0075730619	-114.8273296359	-103.5154879288	-93.06981251486	-83.47619277350	-74.70988653208	-66.73715436793	-59.51712890999	-53.00375651602	-47.14768055773	-41.89795777602
0.2000000000000	-366.0899589780	-365.1080631600	-362.0458644051	-356.7839311060	-349.2877588717	-339.6186486152	-327.9373930486	-314.4932051567	-299.6058601977	-283.6373429165	-266.9593355656	-249.9232908363	-232.8368732079	-215.9516579358	-199.4619399989	-183.5119509786	-168.2070021478	-153.6242349550	-139.8203964101	-126.8361594690	-114.6979451584	-103.4185757406	-92.99778311204	-83.42306243151	-74.67098238623	-66.70886427661	-59.49668974186	-52.98907684803	-47.13719356707	-41.89050124263
0.4256393576616	-351.3893886534	-350.5500085211	-347.9135271626	-343.3427004329	-336.7690544965	-328.2049640348	-317.7509732456	-305.5913586299	-291.9825791249	-277.2314635069	-261.6676695515	-245.6163773312	-229.3746076847	-213.1963308021	-197.2872583156	-181.8077446119	-166.8803939675	-152.5985432681	-139.0330125441	-126.2362618902	-114.2444634599	-103.0784984376	-92.74476908607	-83.23627915576	-74.53411794726	-66.60928273938	-59.42470895300	-52.93735840595	-47.10023416406	-41.86421531101
0.6802049562913	-329.5842731351	-328.8995716386	-326.7370969469	-322.9623820139	-317.4904339991	-310.2974649857	-301.4283795155	-290.9979646019	-279.1847208543	-266.2176200696	-252.3568803638	-237.8735468809	-223.0295444237	-208.0630862643	-193.1805390912	-178.5545486423	-164.3265322311	-150.6109499027	-137.4993042313	-125.0629092656	-113.3545019549	-102.4092440730	-92.24570521731	-82.86714718379	-74.26320583121	-66.41190593979	-59.28187986560	-52.83464040974	-47.02677297479	-41.81193599218
0.9674050470790	-302.6051245662	-302.0692809552	-300.3693130721	-297.3848517220	-293.0290808584	-287.2579938195	-280.0769896275	-271.5435191183	-261.7649744978	-250.8911812714	-239.1039887360	-226.6037191232	-213.5961883231	-200.2817446664	-186.8476079734	-173.4636107828	-160.2805540082	-147.4299456891	-135.0241071975	-123.1561676110	-111.8999764555	-101.3101984020	-91.42286147657	-82.25648763043	-73.81377083108	-66.08369217839	-59.04390503348	-52.66321649616	-46.90400871141	-41.72447191657
1.2914232671074	-272.3453752181	-271.9429599711	-270.6613406861	-268.3999064834	-265.0793958856	-260.6484308631	-255.0885648473	-248.4168867190	-240.6852519845	-231.9774235765	-222.4031438137	-212.0913019723	-201.1831191276	-189.8262515539	-178.1702246752	-166.3629654104	-154.5478425996	-142.8606933060	-131.4266496877	-120.3569818754	-109.7463911931	-99.67112764714	-90.18816222990	-81.33541184315	-73.13290051738	-65.58463032444	-58.68093544268	-52.40107798711	-46.71587692120	-41.59019868107
1.6569795822967	-240.6317151399	-240.3423285670	-239.4173754972	-237.7775923109	-235.3563143897	-232.1034196089	-227.9892107024	-223.0059082355	-217.1678345011	-210.5099446354	-203.0852328707	-194.9618346706	-186.2205754462	-176.9533278868	-167.2620776632	-157.2580304274	-147.0599649975	-136.7912640563	-126.5756113596	-116.5319006466	-106.7691597070	-97.38226915719	-88.44896669915	-80.02831121586	-72.16053799216	-64.86807421262	-58.15741569546	-52.02155019586	-46.44263274403	-41.39466594754
2.0693990430390	-209.1311252856	-208.9325779846	-208.2955015026	-207.1608642040	-205.4761267740	-203.1978557344	-200.2937327676	-196.7435698116	-192.5394431359	-187.6849075368	-182.1939023447	-176.0898600930	-169.4056049722	-162.1842496670	-154.4808559041	-146.3641079346	-137.9170494042	-129.2360587522	-120.4277542513	-111.6041113976	-102.8765831005	-94.35016671943	-86.11827515330	-78.25897773894	-70.83284636196	-63.88236745091	-57.43268573555	-51.49334212597	-46.06063904583	-41.12029159539
2.5346893540841	-179.2414618774	-179.1120183513	-178.6948166893	-177.9482478280	-176.8334158611	-175.3154876718	-173.3651634820	-170.9584281158	-168.0768623346	-164.7070157762	-160.8398312396	-156.4705252935	-151.5993253971	-146.2333060771	-140.3891638777	-134.0963747824	-127.3998855639	-120.3614598247	-113.0590375140	-105.5839089395	-98.03600974206	-90.51805352018	-83.12937990998	-75.96040229218	-69.08830462884	-62.57434042006	-56.46278123347	-50.78131594400	-45.54255847342	-40.74626321094
3.0596283886361	-151.9992564473	-151.9192358280	-151.6604974006	-151.1951180614	-150.4959119375	-149.5370258943	-148.2943389123	-146.7454329609	-144.8693212309	-142.6459185334	-140.0556222926	-137.0792880585	-133.6989729320	-129.8996638799	-125.6719872959	-121.0156031458	-115.9427341189	-110.4811200477	-104.6756966270	-98.58845570039	-92.29627235349	-85.88683122094	-79.45319581941	-73.08779950497	-66.87673986219	-60.89511635138	-55.20387919590	-49.84834122508	-44.85821168180	-40.24882119964
3.6518629214750	-128.0305629754	-127.9839424444	-127.8325303519	-127.5586056725	-127.1441863729	-126.5712102932	-125.8215544260	-124.8768127324	-123.7179257392	-122.3246524212	-120.6751466826	-118.7458114671	-116.5117093548	-113.9477322614	-111.0306142256	-107.7417150904	-104.0703232806	-100.0170645406	-95.59689142548	-90.84107600167	-85.79768190128	-80.53018949072	-75.11422815972	-69.63277823381	-64.17051828122	-58.80816932526	-53.61764277370	-48.65856100487	-43.97639516604	-39.60214570792
4.3200200193490	-107.5591637752	-107.5336238985	-107.4502077259	-107.2982383366	-107.0664281920	-106.7428496971	-106.3148056992	-105.7685328230	-105.0888328287	-104.2585761852	-103.2582714166	-102.0657880233	-100.6564196876	-99.00344566922	-97.07930541900	-94.85743837687	-92.31474939766	-89.43455340817	-86.20973164454	-82.64570311044	-78.76270456018	-74.59684123849	-70.19948170064	-65.63480612953	-60.97571660755	-56.29866743343	-51.67822501680	-47.18218553569	-42.86789193262	-38.78007982958
5.0738327112556	-90.47101673887	-90.45784827430	-90.41453926798	-90.33494429163	-90.21229607415	-90.03909522903	-89.80694286097	-89.50626834094	-89.12599666208	-88.65313705501	-88.07237903945	-87.36575334385	-86.51246266237	-85.48898781891	-84.26957370014	-82.82718677234	-81.13500503770	-79.16846457572	-76.90780476095	-74.34094925457	-71.46640911340	-68.29575640273	-64.85512499691	-61.18526043877	-57.33981845392	-53.38198893469	-49.37988854489	-45.40145800853	-41.50968607225	-37.75884608447
5.9242817692504	-76.41773406022	-76.41130018429	-76.38994664229	-76.35026103604	-76.28832303812	-76.19959596434	-76.07876718542	-75.91954030050	-75.71436652993	-75.45412512393	-75.12778771186	-74.72208301268	-74.22122874706	-73.60677953474	-72.85767787115	-71.95057358083	-70.86051556356	-69.56208575558	-68.03105486618	-66.24655267815	-64.19365625484	-61.86615582392	-59.26909004220	-56.42055585420	-53.35225992503	-50.10846443275	-46.74330405298	-43.31675669914	-39.88996998513	-36.52069955618
6.8837556650996	-64.93237112320	-64.92933659307	-64.91914565662	-64.89993373365	-64.86947223575	-64.82507718537	-64.76348994419	-64.68072309599	-64.57186669111	-64.43085656187	-64.25021277065	-64.02075588941	-63.73133435972	-63.36857770871	-62.91672944843	-62.35760971207	-61.67078168192	-60.83400777179	-59.82409716764	-58.61821686882	-57.19572082857	-55.54042650659	-53.64317899122	-51.50434038036	-49.13574543676	-46.56163194577	-43.81811995462	-40.95113429585	-38.01297128242	-35.05809037675
7.9662310328621	-55.53007990804	-55.52864857137	-55.52377202699	-55.51442605549	-55.49933927846	-55.47692972397	-55.44522405653	-55.40174843947	-55.34339685816	-55.26626960436	-55.16548438467	-55.03495934824	-54.86717939663	-54.65295212873	-54.38117684493	-54.03865571856	-53.60999285306	-53.07764586649	-52.42221026908	-51.62303438486	-50.65925156337	-49.51129073955	-48.16285020725	-46.60320365095	-44.82955545638	-42.84904789578	-40.67991639480	-38.35139234296	-35.90215571094	-33.37745646091
9.1874762661941	-47.77573282519	-47.77502459140	-47.77257671454	-47.76780668375	-47.75997354387	-47.74813337030	-47.73108469028	-47.70729754787	-47.67482539292	-47.63119672625	-47.57328394407	-47.49714798030	-47.39785860992	-47.26929429342	-47.10392421318	-46.89259278095	-46.62432344184	-46.28618316756	-45.86326055970	-45.33883065456	-44.69479393837	-43.91247326078	-42.97385744087	-41.86327104995	-40.56941115817	-39.08752565652	-37.42136187774	-35.58445617853	-33.60034350301	-31.50144751671
10.565281216176	-41.31469708851	-41.31431530044	-41.31298054053	-41.31034712834	-41.30596765207	-41.29926463501	-41.28949406303	-41.27569998047	-41.25665605013	-41.23079459041	-41.19611762351	-41.15008945545	-41.08950810144	-41.01035443719	-40.90761876808	-40.77511142900	-40.60526361444	-40.38893982863	-40.11528875340	-39.77168035144	-39.34378893061	-38.81590201717	-38.17153723064	-37.39444192811	-36.47000534332	-35.38702622355	-34.13967770882	-32.72934928045	-31.16597976226	-29.46847726130
12.119716335660	-35.87484509645	-35.87461997218	-35.87382844668	-35.87225609510	-35.86962331572	-35.86556677896	-35.85961579536	-35.85116250330	-35.83942413364	-35.82339572744	-35.80179117080	-35.77297033392	-35.73485007787	-35.68479611225	-35.61949620797	-35.53481170181	-35.42561217589	-35.28559861759	-35.10713007214	-34.88107589737	-34.59673194542	-34.24185227196	-33.80286340611	-33.26534020659	-32.61480928364	-31.83793289045	-30.92403073418	-29.86682098663	-28.66612338813	-27.32917287843
13.873425045095	-31.25303491349	-31.25289357599	-31.25239541862	-31.25140311946	-31.24973706587	-31.24716320652	-31.24337764398	-31.23798706807	-31.23048397804	-31.22021541259	-31.20634370134	-31.18779743938	-31.16321073810	-31.13084868668	-31.08851636075	-31.03345125899	-30.96219716234	-30.87045994170	-30.75295495626	-30.60324686112	-30.41361563154	-30.17496220361	-29.87680885656	-29.50744801863	-29.05430906186	-28.50461034056	-27.84634245159	-27.06957323902	-26.16797704606	-25.14037956696
15.851953578707	-27.29756771843	-27.29747578475	-27.29715162822	-27.29650539375	-27.29541947300	-27.29374046887	-27.29126903276	-27.28774692550	-27.28284060645	-27.27612043840	-27.26703446471	-27.25487542691	-27.23873969141	-27.21747564699	-27.18962128943	-27.15332731243	-27.10626516118	-27.04551904064	-26.96746275806	-26.86762504758	-26.74055156415	-26.57967561303	-26.37723073623	-26.12422962024	-25.81056804620	-25.42531047994	-24.95722023195	-24.39557994423	-23.73130578982	-22.95828234051
18.084123115904	-23.89306792285	-23.89300708184	-23.89279245351	-23.89236448859	-23.89164519628	-23.89053281883	-23.88889506734	-23.88656049888	-23.88330765766	-23.87885066372	-23.87282267926	-23.86475231937	-23.85403678776	-23.83990636557	-23.82138140537	-23.79721823220	-23.76584433586	-23.72527966661	-23.67304415552	-23.60605147865	-23.52049211960	-23.41171198880	-23.27409618076	-23.10098562438	-22.88464656662	-22.61634319134	-22.28656260193	-21.88544865160	-21.40348949882	-20.83246848159
20.602449618728	-20.94962533365	-20.94958418110	-20.94944064862	-20.94915443516	-20.94867336652	-20.94792934085	-20.94683387112	-20.94527221638	-20.94309587809	-20.94011360834	-20.93607917285	-20.93067662283	-20.92350100213	-20.91403468007	-20.90161747102	-20.88540952542	-20.86434553843	-20.83707884127	-20.80191403136	-20.75672741567	-20.69887581122	-20.62509287756	-20.53138529755	-20.41292911454	-20.26399009767	-20.07789095625	-19.84706186157	-19.56321994049	-19.21772712807	-18.80216884065
23.443617491126	-18.39559327220	-18.39556543654	-18.39546879959	-18.39527609896	-18.39495219594	-18.39445122705	-18.39371356513	-18.39266232415	-18.39119625983	-18.38918767814	-18.38647014729	-18.38283040920	-18.37799503949	-18.37161415049	-18.36324090498	-18.35230630577	-18.33808561111	-18.31966150978	-18.29587431365	-18.26526436131	-18.22600330122	-18.17581471375	-18.11188564008	-18.03077316571	-17.92831422838	-17.79955261553	-17.63870499444	-17.43919640349	-17.19380509391	-16.89496032844
26.649013959808	-16.17286231734	-16.17284380451	-16.17277839776	-16.17264797023	-16.17242874010	-16.17208966884	-16.17159038784	-16.17087855120	-16.16988645922	-16.16852675723	-16.16668696342	-16.16422251815	-16.16094797120	-16.15662583370	-16.15095251502	-16.14354064487	-16.13389695089	-16.12139473305	-16.10523985004	-16.08442922756	-16.05770055492	-16.02347284284	-15.97977749477	-15.92418124843	-15.85370437744	-15.76474097525	-15.65299311597	-15.51343734422	-15.34034988256	-15.12742471602
30.265331961029	-14.23365374347	-14.23364114774	-14.23359669489	-14.23350805113	-14.23335905244	-14.23312860150	-14.23278925725	-14.23230543336	-14.23163109933	-14.23070684987	-14.22945617335	-14.22778070633	-14.22555420789	-14.22261492193	-14.21875591755	-14.21371290555	-14.20714892450	-14.19863517604	-14.18762717638	-14.17343529532	-14.15518870982	-14.13179185810	-14.10187273009	-14.06372290114	-14.01523029785	-13.95380753040	-13.87632153664	-13.77903455064	-13.65757216362	-13.50694118211
34.345250315507	-12.53825714259	-12.53824855256	-12.53821823658	-12.53815778305	-12.53805616792	-12.53789900196	-12.53766756830	-12.53733759251	-12.53687767270	-12.53624727708	-12.53539419260	-12.53425127759	-12.53273233343	-12.53072686423	-12.52809343615	-12.52465128057	-12.52016970483	-12.51435478321	-12.50683270157	-12.49712902949	-12.48464310897	-12.46861670661	-12.44809612137	-12.42188714780	-12.38850277671	-12.34610443466	-12.29243913947	-12.22477744528	-12.13986072690	-12.03387134009
38.948201099587	-11.05337633118	-11.05337045609	-11.05334972169	-11.05330837484	-11.05323887541	-11.05313138138	-11.05297309008	-11.05274739649	-11.05243281826	-11.05200162430	-11.05141808630	-11.05063625197	-11.04959711163	-11.04822499751	-11.04642301423	-11.04406724963	-11.04099945592	-11.03701782119	-11.03186537167	-11.02521545819	-11.01665369284	-11.00565562652	-10.99155941863	-10.97353278554	-10.95053368874	-10.92126463329	-10.88412123315	-10.83713705273	-10.77792888379	-10.70364979479
44.141235390927	-9.750887497603	-9.750883469649	-9.750869254146	-9.750840906685	-9.750793257624	-9.750719558921	-9.750611032356	-9.750456292078	-9.750240607048	-9.749944959719	-9.749544845541	-9.749008743163	-9.748296166715	-9.747355188396	-9.746119290970	-9.744503374354	-9.742398697413	-9.739666484261	-9.736129863354	-9.731563737942	-9.725682110249	-9.718122304773	-9.708425469346	-9.696012696283	-9.680156133950	-9.659944606298	-9.634243608172	-9.601650219685	-9.560444648890	-9.508541970676
50.000000000000	-8.606887556852	-8.606884789612	-8.606875023431	-8.606855548437	-8.606822812963	-8.606772180860	-8.606697621031	-8.606591310531	-8.606443127546	-8.606240004148	-8.605965100593	-8.605596752718	-8.605107131084	-8.604460534340	-8.603611219094	-8.602500643465	-8.601053970599	-8.599175640690	-8.596743774768	-8.593603120060	-8.589556185655	-8.584352150331	-8.577673056629	-8.569116746143	-8.558175957870	-8.544213033816	-8.526429801277	-8.503832502170	-8.475192222643	-8.439002285027

#dPhi/dR
0	#m
#R(row)\z(col)	0.0000000000000	0.0400000000000	0.0851278715323	0.1360409912583	0.1934810094158	0.2582846534215	0.3313959164593	0.4138798086078	0.5069378708168	0.6119256777272	0.7303725842950	0.8640040038698	1.0147665422511	1.1848563538501	1.3767511330199	1.5932462065724	1.8374952532388	2.1130562432351	2.4239432671319	2.7746850090189	3.1703907157414	3.6168246231808	4.1204899237456	4.6887234982251	5.3298027919616	6.0530663922058	6.8690500631014	7.7896402199175	8.8282470781853	10.000000000000
0.0000000000000	-0.000000000000	-0.000000000000	-0.000000000000	-0.000000000000	-0.000000000000	-0.000000000000	-0.000000000000	-0.000000000000	-0.000000000000	-0.000000000000	-0.000000000000	-0.000000000000	-0.000000000000	-0.000000000000	-0.000000000000	-0.000000000000	-0.000000000000	-0.000000000000	-0.000000000000	-0.000000000000	-0.000000000000	-0.000000000000	-0.000000000000	-0.000000000000	-0.000000000000	-0.000000000000	-0.000000000000	-0.000000000000	-0.000000000000	-0.000000000000
0.2000000000000	49.358747364306	48.764051222806	47.037507238247	44.315862260334	40.793011536858	36.701639755733	32.291311109259	27.807402729141	23.467562985356	19.444360019989	15.854119058446	12.754960793488	10.153047914526	8.0158418180572	6.2877924289260	4.9049380968672	3.8053816412115	2.9349700113870	2.2488969383992	1.7109421734790	1.2918681721671	0.9678941464147	0.7195441668256	0.5308486120804	0.3887670544276	0.2827371924967	0.2042954752461	0.1467415690954	0.1048386652125	0.0745466872731
0.4256393576616	77.571233508671	76.932988825648	74.997289304254	71.789269086873	67.414228994287	62.058021891493	55.974720114445	49.464312835507	42.841143664904	36.399360382449	30.382719541918	24.962523655151	20.231310639349	16.209561479957	12.862521512068	10.121513287605	7.9034929965087	6.1251272520783	4.7105257151966	3.5939931534440	2.7199280104390	2.0416562104145	1.5201498518971	1.1229495395573	0.8232771209700	0.5992785969646	0.4333396889959	0.3114524130540	0.2226293203485	0.1583697951521
0.6802049562913	91.442326941469	90.872808024408	89.113351980078	86.129319541767	81.950875958874	76.681609905028	70.498298972687	63.641579304510	56.396754165934	49.064962113747	41.932017091367	35.238650319045	29.159804853746	23.796399102382	19.180211268427	15.288542731156	12.062873290669	9.4265596608346	7.2979181598072	5.5981966931224	4.2554603829740	3.2059598273148	2.3943201988745	1.7732032160344	1.3027639979113	0.9499879101644	0.6879538692917	0.4950575989251	0.3542320407568	0.2521980617089
0.9674050470790	94.899716509577	94.433026516671	92.975380088464	90.468607375443	86.900709387806	82.314579944931	76.812903547316	70.556407811496	63.754942973421	56.651305455452	49.499441053347	42.540201981535	35.979240150206	29.971100953739	24.612307936481	19.943697890092	15.959796531997	12.621696062971	9.8698889116108	7.6348279952284	5.8444648026859	4.4290860188647	3.3242119796342	2.4721426447811	1.8226376301269	1.3329902668499	0.9676844049540	0.6977788901568	0.5001338730976	0.3565726892430
1.2914232671074	90.947272032698	90.587375937984	89.455063306932	87.488878792801	84.657808655499	80.968525592767	76.470443564991	71.257115053291	65.463185666245	59.256830647830	52.827726399421	46.372053058544	40.076776836315	34.105329224503	28.586785447377	23.610066715154	19.223359580630	15.438038250005	12.235546290540	9.5755114453691	7.4037176454207	5.6589423606765	4.2783743507285	3.2015252867972	2.3728213271454	1.7430767912254	1.2701073663807	0.9187064864910	0.6601920081537	0.4716969525373
1.6569795822967	82.119518349929	81.856673880137	81.024980799487	79.570019000730	77.456196331698	74.671854958013	71.233291723589	67.186760321682	62.608196278377	57.599952461865	52.285431080116	46.801606556713	41.290525928280	35.890356236943	30.727032107043	25.906910281932	21.511269806301	17.593177183813	14.177143420587	11.261483655500	8.8228436977310	6.8219549820047	5.2096389105476	3.9322471137683	2.9360606659162	2.1704704952447	1.5899865503858	1.1552519406037	0.8332915634961	0.5972287468900
2.0693990430390	70.582591290374	70.400701368462	69.822362932461	68.804335143670	67.314147842186	65.333438083213	62.860738990337	59.913044535696	56.526250987959	52.754212211058	48.666676276151	44.346346180865	39.885536387741	35.382349055945	30.936440235529	26.644206804905	22.593359585671	18.857436907970	15.491069647704	12.527033758351	9.9757759642246	7.8274481780085	6.0558800373204	4.6235677657287	3.4867240018637	2.5996994060507	1.9183875456356	1.4025166254756	1.0169236212130	0.7320117187469
2.5346893540841	58.117588037509	57.998598777490	57.618589002380	56.945977192892	55.954739798143	54.626613198047	52.952376891922	50.933319853822	48.581396311717	45.919136746581	42.979099365271	39.803182256784	36.441931299645	32.953982552281	29.405081389122	25.866484471200	22.412019687479	19.113793291217	16.036924222024	13.234305522455	10.742457066150	8.5794887229165	6.7454765039289	5.2249711858924	3.9909118616201	3.0090286462488	2.2419731125877	1.6526760371612	1.2067214109511	0.8737549636796
3.0596283886361	46.075697421737	46.002391328769	45.767335635750	45.349060736325	44.728717887181	43.891098466494	42.825517696830	41.526351750531	39.993263693516	38.231258132828	36.250594510818	34.066902835644	31.701606591567	29.182671879655	26.545452508664	23.833195530311	21.096588687507	18.391899167816	15.777585357386	13.309678141487	11.036760957646	8.9956055189161	7.2083571088741	5.6818258619515	4.4088332645706	3.3710918587088	2.5428538310208	1.8945753577105	1.3960460114206	1.0186984035911
3.6518629214750	35.354282055555	35.311971299005	35.175708322120	34.931939813367	34.568062710509	34.072931516716	33.437264828002	32.653758801447	31.717262626078	30.624697360345	29.375103281418	27.969867855539	26.413334296445	24.713800928584	22.884849201960	20.946708885807	18.927244543558	16.862075384415	14.793452536670	12.767731996838	10.831637724019	9.0279228311234	7.3912184102117	5.9449794028265	4.7001013559071	3.6553765895801	2.7994744670103	2.1138337713162	1.5757841102614	1.1613430472378
4.3200200193490	26.417991547567	26.395228257014	26.321571138039	26.189021899282	25.989794342123	25.716471251345	25.362128848063	24.920372156797	24.385279405347	23.751330257379	23.013390222266	22.166858518099	21.208081500739	20.135134617088	18.948940147398	17.654624952758	16.262892550152	14.791108273976	13.263712717638	11.711697680321	10.170877793891	8.6790858132843	7.2726029783669	5.9824978922625	4.8316161714912	3.8328482747796	2.9889534253716	2.2938038285305	1.7345869285785	1.2943770506812
5.0738327112556	19.369116951128	19.357749026858	19.320766877621	19.253781133748	19.152289393718	19.011752706001	18.827565013853	18.595021635191	18.309231748315	17.965010852061	17.556812484710	17.078768926341	16.524882520065	15.889476340862	15.167903420461	14.357506521457	13.458777065992	12.476555245826	11.421056911591	10.308501847924	9.1609860640484	8.0054712349753	6.8717648459904	5.7897294832698	4.7861845177538	3.8821344554821	3.0909185810848	2.4176293703274	1.8597905428695	1.4089692431827
5.9242817692504	14.053507911084	14.048251276011	14.031040051485	13.999604269486	13.951519507610	13.884188855462	13.794809888903	13.680309353688	13.537260240744	13.361776881665	13.149438941067	12.895247179258	12.593676486213	12.238860698716	11.824938368747	11.346600988780	10.799829604891	10.182800010953	9.4968686476257	8.7475216612487	7.9450615503227	7.1048026455417	6.2465439183777	5.3932101460623	4.5687413580923	3.7955669594317	3.0921746846287	2.4713042107062	1.9391420125308	1.4955909610219
6.8837556650996	10.177220063469	10.174961757430	10.167503872684	10.153738043570	10.132423259034	10.102162280902	10.061362112863	10.008181853613	9.9404649723343	9.8556637947411	9.7507591078405	9.6222033315474	9.4658947563798	9.2772115942300	9.0511383630563	8.7825012680588	8.4663447767403	8.0984596329203	7.6760703378984	7.1986244390110	6.6686171008318	6.0922746754810	5.4799156355657	4.8457666529408	4.2070943090121	3.5826666918355	2.9907559950241	2.4470837481577	1.9631651498178	1.5454146060152
7.9662310328621	7.4077523764804	7.4068369105726	7.4037797120569	7.3980579236922	7.3890595327986	7.3760616121594	7.3582030569157	7.3344469918239	7.3035348845163	7.2639340495308	7.2137786273654	7.1508137881936	7.0723494857960	6.9752352981562	6.8558719061977	6.7102785522307	6.5342362581716	6.3235347463754	6.0743420988162	5.7837059331017	5.4501759853701	5.0744839351924	4.6601749239441	4.2140279617221	3.7460825612973	3.2691267815456	2.7976068680113	2.3460921542111	1.9275916663538	1.5521022598531
9.1874762661941	5.4426558687078	5.4422935434190	5.4410644726967	5.4387244309352	5.4349742414137	5.4294461890756	5.4216870163732	5.4111336382491	5.3970851073353	5.3786691883004	5.3548024080766	5.3241485753168	5.2850760899576	5.2356196894622	5.1734527011309	5.0958815255187	4.9998719231686	4.8821350058078	4.7392791952314	4.5680650970858	4.3657681852051	4.1306491927056	3.8625012795881	3.5631915928108	3.2370793394939	2.8911574304449	2.5347792646596	2.1789102625733	1.8349737393566	1.5135061215248
10.565281216176	4.0418006148649	4.0416518189782	4.0411393893922	4.0401452228614	4.0385206041292	4.0360772048107	4.0325766178281	4.0277166877769	4.0211148775628	4.0122878188054	4.0006269889949	3.9853705754768	3.9655723937042	3.9400692657440	3.9074483401513	3.8660216825362	3.8138080208794	3.7485457999484	3.6677315437972	3.5687211635843	3.4488978797943	3.3059312387632	3.1381267619639	2.9448503068192	2.7269747232871	2.4872581919202	2.2305343366190	1.9635920291220	1.6946748880059	1.4326292843174
12.119716335660	3.0312884432939	3.0312214525030	3.0309874646432	3.0305268377054	3.0297624010633	3.0285950068186	3.0268972369823	3.0245053820765	3.0212103826467	3.0167454535138	3.0107715981746	3.0028602875833	2.9924730854688	2.9789381347821	2.9614255650922	2.9389205856893	2.9102006283866	2.8738181335456	2.8280983311429	2.7711615290849	2.7009833670259	2.6155087085743	2.5128329060289	2.3914581361097	2.2506161069823	2.0906243920229	1.9132099808438	1.7217071307191	1.5210280351830	1.3173359200676
13.873425045095	2.2920142570016	2.2919803658530	2.2918618752229	2.2916266805607	2.2912330619846	2.2906270076410	2.2897384251016	2.2884771364082	2.2867269174991	2.2843388546429	2.2811227907765	2.2768367032433	2.2711742915299	2.2637498326882	2.2540808113669	2.2415690700263	2.2254798789631	2.2049230261088	2.1788369566390	2.1459826561488	2.1049543609448	2.0542167352807	1.9921811773639	1.9173330585730	1.8284179465704	1.7246842104060	1.6061607523816	1.4739234179840	1.3302789795957	1.1787846186736
15.851953578707	1.7441563007990	1.7441380244950	1.7440733818756	1.7439444528020	1.7437280992818	1.7433939402894	1.7429024719190	1.7422027746993	1.7412291207434	1.7398969867694	1.7380981157212	1.7356942771103	1.7325095862597	1.7283213960656	1.7228488832570	1.7157407393360	1.7065600631731	1.6947690274265	1.6797133566580	1.6606092890493	1.6365365571703	1.6064426729394	1.5691665156798	1.5234897977195	1.4682267686901	1.4023594408380	1.3252187044006	1.2366980744793	1.1374674110399	1.0291333580420
18.084123115904	1.3339107119145	1.3339003319702	1.3338635031159	1.3337900778187	1.3336667189722	1.3334759572631	1.3331952204436	1.3327951704892	1.3322379547602	1.3314748414706	1.3304433857293	1.3290634930022	1.3272331603391	1.3248225292283	1.3216673418185	1.3175604509129	1.3122423608121	1.3053901988338	1.2966058091874	1.2854037466342	1.2712006924877	1.2533089062278	1.2309375079929	1.2032075358411	1.1691872747405	1.1279560464153	1.0787027776300	1.0208610224880	0.9542722808063	0.8793546617891
20.602449618728	1.0242369421011	1.0242307656601	1.0242093666760	1.0241666832457	1.0240949541946	1.0239841009099	1.0238208290986	1.0235879800181	1.0232636671373	1.0228194316466	1.0222186978273	1.0214146202129	1.0203473710211	1.0189406583132	1.0170975569658	1.0146953970355	1.0115796133097	1.0075565030905	1.0023849521757	0.9957673705570	0.9873404377708	0.9766666216623	0.9632286612466	0.9464294411996	0.9256017017997	0.9000327816944	0.8690104590587	0.8318952664200	0.7882213446718	0.7378208550083
23.443617491126	0.7890166654663	0.7890130838334	0.7890005226627	0.7889754046612	0.7889332263124	0.7888679926447	0.7887719442267	0.7886350444445	0.7884442427769	0.7881828344318	0.7878292535146	0.7873558568833	0.7867272600324	0.7858982834593	0.7848113969713	0.7833935827660	0.7815524143833	0.7791715308395	0.7761050995222	0.7721715609680	0.7671467173211	0.7607565912751	0.7526708444846	0.7424981053109	0.7297853224724	0.7140242026005	0.6946687660153	0.6711686729318	0.6430226696418	0.6098542146066
26.649013959808	0.6094581574813	0.6094560442607	0.6094485831099	0.6094337050237	0.6094086976437	0.6093700214910	0.6093130741070	0.6092318892399	0.6091187537560	0.6089637205926	0.6087539907661	0.6084731311014	0.6081000869206	0.6076079405377	0.6069623574204	0.6061196531528	0.6050244075064	0.6036065499389	0.6017778477518	0.5994277599219	0.5964186566599	0.5925805397203	0.5877055443260	0.5815428035239	0.5737946679545	0.5641158521941	0.5521177984184	0.5373813075090	0.5194810302103	0.4980252566999
30.265331961029	0.4718309404462	0.4718296792656	0.4718252283255	0.4718163527572	0.4718014343336	0.4717783611766	0.4717443868333	0.4716959504253	0.4716284474077	0.4715359377836	0.4714107753105	0.4712431372008	0.4710204289943	0.4707265336234	0.4703408672857	0.4698371978488	0.4691821747674	0.4683335140990	0.4672377803383	0.4658277121232	0.4640190573488	0.4617069240667	0.4587617303103	0.4550249674970	0.4503052020907	0.4443750543839	0.4369703298177	0.4277930281739	0.4165205474786	0.4028238459301
34.345250315507	0.3659856201944	0.3659848640469	0.3659821954559	0.3659768740204	0.3659679294428	0.3659540953489	0.3659337246948	0.3659046817546	0.3658642043564	0.3658087283800	0.3657336644784	0.3656331144572	0.3654995116703	0.3653231661022	0.3650916904818	0.3647892788673	0.3643958038439	0.3638856932638	0.3632265432162	0.3623774222825	0.3612868258504	0.3598902527993	0.3581074071574	0.3558390846122	0.3529639023008	0.3493351883018	0.3447785845872	0.3390912487726	0.3320439610735	0.3233879024021
38.948201099587	0.2843508909335	0.2843504357001	0.2843488290904	0.2843456253375	0.2843402402436	0.2843319113112	0.2843196467684	0.2843021604577	0.2842777887482	0.2842443846189	0.2841991827914	0.2841386282212	0.2840581583171	0.2839519269041	0.2838124551156	0.2836301910830	0.2833929565187	0.2830852542124	0.2826874064198	0.2821744908061	0.2815150392227	0.2806694672337	0.2795882123361	0.2782095814772	0.2764573515532	0.2742382409300	0.2714394896133	0.2679269659225	0.2635444704010	0.2581152308481
44.141235390927	0.2212366987803	0.2212364237626	0.2212354531689	0.2212335176944	0.2212302643936	0.2212252325837	0.2212178230273	0.2212072585593	0.2211925338231	0.2211723511644	0.2211450389494	0.2211084476012	0.2210598174391	0.2209956109170	0.2209113000463	0.2208010976108	0.2206576182303	0.2204714524203	0.2202306336510	0.2199199752751	0.2195202516015	0.2190071962465	0.2183502927938	0.2175113402819	0.2164427931219	0.2150859076520	0.2133687839676	0.2112044826524	0.2084895335137	0.2051033469865
50.000000000000	0.1723405226504	0.1723403560224	0.1723397679576	0.1723385952864	0.1723366241579	0.1723335754348	0.1723290860116	0.1723226849416	0.1723137629509	0.1723015335422	0.1722849834097	0.1722628092860	0.1722333375905	0.1721944223196	0.1721433154677	0.1720765028749	0.1719894967152	0.1718765738732	0.1717304472068	0.1715418542648	0.1712990455957	0.1709871527537	0.1705874151847	0.1700762465436	0.1694241266434	0.1685943181809	0.1675414321968	0.1662099092679	0.1645325529491	0.1624293572705

#dPhi/dz
0	#m
#R(row)\z(col)	0.0000000000000	0.0400000000000	0.0851278715323	0.1360409912583	0.1934810094158	0.2582846534215	0.3313959164593	0.4138798086078	0.5069378708168	0.6119256777272	0.7303725842950	0.8640040038698	1.0147665422511	1.1848563538501	1.3767511330199	1.5932462065724	1.8374952532388	2.1130562432351	2.4239432671319	2.7746850090189	3.1703907157414	3.6168246231808	4.1204899237456	4.6887234982251	5.3298027919616	6.0530663922058	6.8690500631014	7.7896402199175	8.8282470781853	10.000000000000
0.0000000000000	-0.000000000000	50.761032702923	92.641258252279	125.27124319575	148.58414325074	162.92029470976	169.03903447706	168.07776096409	161.44746682241	150.68980516604	137.32363917255	122.69738957901	107.88965375651	93.666400939961	80.496189410124	68.606727560184	58.058701562493	48.814378352587	40.787742132154	33.874195729857	27.964982193411	22.952883670492	18.734353804483	15.210777465493	12.289479837429	9.8846844060552	7.9182709094610	6.3202422576371	5.0288728956144	3.9905543350895
0.2000000000000	-0.000000000000	47.005693778372	86.604511800017	118.06880687767	141.06032830449	155.68403223622	162.49341329167	162.44701207356	156.81017774285	147.01622314458	134.51054182589	120.60430026906	106.36763963306	92.577962160087	79.726106602363	68.065166678061	57.679174828693	48.549199493549	40.603172806211	33.746438810121	27.877165459930	22.892992398401	18.693861775678	15.183644387166	12.271460871590	9.8728228853215	7.9105284783479	6.3152286950987	5.0256502904809	3.9884968107427
0.4256393576616	-0.000000000000	40.281300782232	74.860275027053	103.00904918558	124.28214284169	138.57784757575	146.17007586159	147.69522820968	144.09322996519	136.50421652407	126.13972995464	114.15203090095	101.52817382309	89.025773929535	77.160198074864	66.232413370779	56.380487886009	47.634844729372	39.963460388481	33.301988111461	27.570794526028	22.683611297169	18.552056722591	15.088490673843	12.208196916746	9.8311381302955	7.8832981239961	6.2975843886596	5.0143029179574	3.9812487601672
0.6802049562913	-0.000000000000	32.917113303202	61.578014111907	85.370990812357	103.88134577139	116.94057086477	124.65680240604	127.41561324232	125.84808189093	120.76555430392	113.07220463320	103.66898549472	93.368149895998	82.834186837575	72.558987938038	62.868902002104	53.953530687222	45.902433983291	38.738770861511	32.444373301333	26.975981100837	22.275114275013	18.274304919374	14.901511759654	12.083551879878	9.7488291542137	7.8294327568366	6.2626292631748	4.9917948630365	3.9668572803151
0.9674050470790	-0.000000000000	25.800235150756	48.525675897227	67.700686686998	82.986916988034	94.217348410459	101.41976958147	104.81904586623	104.81818189295	101.95684246879	96.855110969847	90.150256472950	82.439755364748	74.238849186086	65.958605783237	57.903468071599	50.282927172440	43.229862643114	36.819114050913	31.082829081157	26.021907366944	21.614401133717	17.821982435477	14.595295153842	11.878466758770	9.6128780264641	7.7401772278442	6.2045544796423	4.9543177213458	3.9428513596787
1.2914232671074	-0.000000000000	19.400587428265	36.661986965163	51.435534847180	63.465938885285	72.615149650876	78.877420789462	82.381020147341	83.375096164922	82.202085113795	79.260817080911	74.966879609980	69.717391535906	63.866361088288	57.712214536041	51.496171878669	45.407204758503	39.589187927401	34.147380637362	29.153454915866	24.649508663583	20.652048113008	17.156270103521	14.140689630452	11.571789137721	9.4083506333701	7.6052229521156	6.1163778369701	4.8972176891588	3.9061712516994
1.6569795822967	-0.000000000000	13.967663337417	26.511344413106	37.388554012043	46.419336481970	53.500995725352	58.618123192225	61.842706946256	63.324495853050	63.272118012029	61.928595120572	59.545950729121	56.364379482196	52.599460616123	48.438185555872	44.041455758998	39.549131832394	35.084000931520	30.752784868034	26.644649249549	22.828865449459	19.353303237651	16.244653703353	13.510418495662	11.142147370034	9.1192901403668	7.4130813942776	5.9900614286320	4.8149998881055	3.8531313749101
2.0693990430390	-0.000000000000	9.5975886021832	18.295181161878	25.933225496384	32.392662838052	37.603687370404	41.551704466605	44.276672051433	45.866256379838	46.442718417350	46.146559415836	45.120218830841	43.495488452400	41.387239620064	38.893917861099	36.102716766912	33.096326017794	29.957694338009	26.771011748939	23.618948500081	20.577662994383	17.711648723635	15.069974602786	12.684665898264	10.571175592741	8.7304561612414	7.1519523989248	5.8169021623773	4.7014747009212	3.7794525364455
2.5346893540841	-0.000000000000	6.2697630314850	12.004647341942	17.105806357593	21.499721983771	25.142868654729	28.024961424061	30.168398369190	31.623116326564	32.458026397651	32.750219784987	32.574481936957	31.995469430572	31.064494190116	29.821184060963	28.298999401186	26.532196438421	24.561736765178	22.438151248229	20.220789977265	17.973948798305	15.761345680822	13.640479804940	11.658191375946	9.8481056362292	8.2300710564444	6.8112538677566	5.5883222351170	4.5501302525557	3.6804143188658
3.0596283886361	-0.000000000000	3.8779465844211	7.4608270820013	10.691491320858	13.527897717450	15.945358059629	17.938272476285	19.519394033492	20.716583905580	21.567263005323	22.111595823952	22.385898205596	22.417661968572	22.223595480813	21.810964421565	21.181768088394	20.338451460524	19.289554278981	18.053839182710	16.661971784563	15.155489063305	13.583461552161	11.997655933779	10.447397340430	8.9751302577962	7.6134519397018	6.3838737070964	5.2971616930703	4.3548197776922	3.5511901499467
3.6518629214750	-0.000000000000	2.2623622224735	4.3765546385604	6.3121056309557	8.0471055079916	9.5691268663121	10.876008585274	11.975363491097	12.882523777079	13.617190733552	14.199390385302	14.645422912871	14.964752580252	15.158615657222	15.220607584020	15.139149941613	14.901257944458	14.496814483483	13.922518108749	13.184832077631	12.301316434824	11.300123888318	10.217621187276	9.0946367637757	7.9720877787422	6.8868978584834	5.8689504392586	4.9394694522210	4.1108203460871	3.3874250733686
4.3200200193490	-0.000000000000	1.2417915365293	2.4181881675359	3.5144629029266	4.5205153030043	5.4310608160864	6.2460368614075	6.9701908007393	7.6119632782336	8.1815883311973	8.6888113209006	9.1405414061187	9.5389770791104	9.8805501791863	10.155953443598	10.351218674905	10.449695663852	10.434625294536	10.292012277295	10.013422509621	9.5983032612129	9.0554035841762	8.4028495811591	7.6667238566967	6.8783160106463	6.0705849120584	5.2745863582768	4.5165738217384	3.8162229927123	3.1860824163920
5.0738327112556	-0.000000000000	0.6417399272259	1.2601204364057	1.8489217204300	2.4042559709351	2.9245490608349	3.4106681292760	3.8657172036531	4.2944239072721	4.7021719766652	5.0937797400158	5.4722603127576	5.8377004933984	6.1865353930040	6.5112880857674	6.8008139615679	7.0410541572245	7.2162243055660	7.3104058221964	7.3094818771602	7.2032061068206	6.9872232633860	6.6645234276607	6.2459772775080	5.7496405721866	5.1988520006377	4.6194781245804	4.0369087166793	3.4734391583562	2.9465021917954
5.9242817692504	-0.000000000000	0.3145020244624	0.6242330875354	0.9270799966668	1.2220380908165	1.5091359630410	1.7894772458784	2.0651300675552	2.3388407954017	2.6135614940893	2.8918701704396	3.1753302414158	3.4638969153556	3.7554301991332	4.0453855245549	4.3266964149854	4.5898704583648	4.8233266797729	5.0140122948069	5.1483808309798	5.2137189272126	5.1997698036177	5.1004325833272	4.9151958494395	4.6499161066250	4.3166281464182	3.9323095805420	3.5168060149062	3.0903873408243	2.6714771960085
6.8837556650996	-0.000000000000	0.1489477747880	0.2997390564001	0.4519711253244	0.6057458257239	0.7615993030733	0.9205189797702	1.0838916098802	1.2533774905830	1.4307072760151	1.6174220938408	1.8145759738744	2.0224320835495	2.2401744057254	2.4656589924535	2.6952044807595	2.9234481486768	3.1432807891975	3.3459319397714	3.5212616336782	3.6583630492515	3.7464897990774	3.7763043284856	3.7412832478761	3.6390221371940	3.4721033220336	3.2482270599960	2.9794685980185	2.6807683226167	2.3679977242100
7.9662310328621	-0.000000000000	0.0706143973101	0.1444464618322	0.2216638725622	0.3026538495175	0.3879864744808	0.4784181694271	0.5748730417928	0.6783937169852	0.7900618691820	0.9108915625841	1.0417009375110	1.1829686998247	1.3346775439284	1.4961503369659	1.6658753279195	1.8413274707754	2.0187963230193	2.1932542715801	2.3583219782529	2.5063883932975	2.6289701216908	2.7173587201963	2.7635516432779	2.7613770110892	2.7076180394412	2.6028648875214	2.4518234113212	2.2629198274535	2.0472347688286
9.1874762661941	-0.000000000000	0.0351295467826	0.0730447998107	0.1140187597089	0.1584200126010	0.2066995148222	0.2593906882718	0.3171044325544	0.3805139074263	0.4503245261725	0.5272364518836	0.6118917949121	0.7048113518884	0.8063169583101	0.9164376965442	1.0347958776749	1.1604728737180	1.2918539883264	1.4264686727214	1.5608489390710	1.6904458610939	1.8096603436993	1.9120498209163	1.9907636000663	2.0392221479311	2.0519905645426	2.0257084195047	1.9598638294540	1.8571794692895	1.7234468669968
10.565281216176	-0.000000000000	0.0190223219152	0.0400503997086	0.0633150472411	0.0890925848705	0.1177003018128	0.1494986297828	0.1848901275530	0.2243158784131	0.2682465960976	0.3171700437281	0.3715711110681	0.4319059186189	0.4985653480246	0.5718274211702	0.6517926636500	0.7383027336694	0.8308340850007	0.9283784079427	1.0293071888146	1.1312443052372	1.2309732903693	1.3244207349810	1.4067669361743	1.4727314826004	1.5170588876327	1.5351809655408	1.5239623825534	1.4823683384379	1.4118625076897
12.119716335660	-0.000000000000	0.0112374794182	0.0238237355876	0.0379239921119	0.0537276848043	0.0714481745324	0.0913244527186	0.1136221310476	0.1386331131086	0.1666739365125	0.1980821618992	0.2332095886027	0.2724121269142	0.3160341403336	0.3643854832642	0.4177088381127	0.4761352797964	0.5396235950831	0.6078835535654	0.6802826509503	0.7557407172059	0.8326237348587	0.9086569117535	0.9808877728108	1.0457389120623	1.0991918603651	1.1371294019407	1.1558295321977	1.1525497568868	1.1260821271056
13.873425045095	-0.000000000000	0.0070617433160	0.0150125011907	0.0239639790874	0.0340423359983	0.0453889990384	0.0581621316207	0.0725376292833	0.0887100389175	0.1068926798879	0.1273172362093	0.1502319210728	0.1758976333201	0.2045815691437	0.2365477317949	0.2720402445135	0.3112617853514	0.3543413545616	0.4012909307174	0.4519494015678	0.5059127971977	0.5624535863403	0.6204359832131	0.6782411661965	0.7337248162251	0.7842373878676	0.8267409544196	0.8580488530942	0.8751903262110	0.8758611520923
15.851953578707	-0.000000000000	0.0045930809607	0.0097725067795	0.0156125951092	0.0221971364278	0.0296199361497	0.0379860498623	0.0474127464477	0.0580302823123	0.0699827400359	0.0834283309475	0.0985392219740	0.1155006115277	0.1345082169867	0.1557643217906	0.1794704380007	0.2058168563062	0.2349665690744	0.2670325494421	0.3020465794289	0.3399181393923	0.3803826769796	0.4229405322857	0.4667909051187	0.5107705108958	0.5533130625625	0.5924525552797	0.6258971797181	0.6511969623961	0.6660116895993
18.084123115904	-0.000000000000	0.0030408327859	0.0064710875816	0.0103403407439	0.0147044011102	0.0196258992853	0.0251750895542	0.0314305526099	0.0384800149423	0.0464208132058	0.0553609804196	0.0654189602287	0.0767240506903	0.0894155197555	0.1036412061570	0.1195543958031	0.1373090730367	0.1570522038074	0.1789123187969	0.2029830808148	0.2293006171655	0.2578133069465	0.2883433418898	0.3205406788717	0.3538321846501	0.3873726633013	0.4200094027252	0.4502774078541	0.4764462537908	0.4966378433914
20.602449618728	-0.000000000000	0.0020335126841	0.0043276082734	0.0069155363408	0.0098347167548	0.0131271262922	0.0168401877205	0.0210268190404	0.0257461826120	0.0310644079371	0.0370550796846	0.0437995636707	0.0513874001486	0.0599162875574	0.0694916721901	0.0802256584601	0.0922349170482	0.1056371602645	0.1205456040540	0.1370606447278	0.1552578647292	0.1751713264147	0.1967712246478	0.2199351992306	0.2444135767205	0.2697904209469	0.2954450237032	0.3205222877151	0.3439247861832	0.3643426386214
23.443617491126	-0.000000000000	0.0013691603806	0.0029137980137	0.0046563232521	0.0066219814715	0.0088391742664	0.0113398319655	0.0141598066462	0.0173392885994	0.0209232510704	0.0249618848464	0.0295110084935	0.0346324209731	0.0403941400234	0.0468704354556	0.0541415441247	0.0622928861737	0.0714135586366	0.0815937569375	0.0929207033953	0.1054725152220	0.1193093268984	0.1344608898167	0.1509098818558	0.1685703824218	0.1872615732363	0.2066779333854	0.2263592011744	0.2456662720944	0.2637725780261
26.649013959808	-0.000000000000	9.2665123830e-4	0.0019720718106	0.0031514471790	0.0044818838154	0.0059826420545	0.0076753923643	0.0095844950814	0.0117373023536	0.0141644789856	0.0169003357658	0.0199831642034	0.0234555547587	0.0273646707287	0.0317624357362	0.0367055726889	0.0422554041083	0.0484772854885	0.0554394920814	0.0632113141574	0.0718600309390	0.0814463427545	0.0920177394278	0.1035992109483	0.1161807020803	0.1297008630233	0.1440270791223	0.1589326404764	0.1740734051805	0.1889684844347
30.265331961029	-0.000000000000	6.2978557982e-4	0.0013402949132	0.0021418554292	0.0030461050642	0.0040661532552	0.0052167592074	0.0065145281044	0.0079781253246	0.0096285077448	0.0114891696719	0.0135863986021	0.0159495325081	0.0186112052083	0.0216075589084	0.0249783923175	0.0287671976234	0.0330210185576	0.0377900329538	0.0431267246028	0.0490844590586	0.0557152156271	0.0630661550634	0.0711746271645	0.0800611625293	0.0897199837402	0.1001066747049	0.1111229580480	0.1225991764614	0.1342761877814
34.345250315507	-0.000000000000	4.2950109982e-4	9.1405615997e-4	0.0014607118200	0.0020774110057	0.0027731041403	0.0035578728419	0.0044430668912	0.0054414549913	0.0065673893844	0.0078369836430	0.0092683017903	0.0108815551287	0.0126993005062	0.0147466298542	0.0170513351775	0.0196440250808	0.0225581574682	0.0258299370947	0.0294980047855	0.0336028158358	0.0381855669561	0.0432864835089	0.0489422230380	0.0551820927580	0.0620227310227	0.0694608921714	0.0774640466378	0.0859587356605	0.0948170996304
38.948201099587	-0.000000000000	2.9375395860e-4	6.2516268435e-4	9.9904752164e-4	0.0014208441532	0.0018966794031	0.0024334569479	0.0030389526447	0.0037219200848	0.0044922067785	0.0053608810290	0.0063403689861	0.0074446004813	0.0086891608979	0.0100914443067	0.0116708001365	0.0134486613382	0.0154486358423	0.0176965343850	0.0202202956246	0.0230497528069	0.0262161638788	0.0297513978135	0.0336866334456	0.0380503842714	0.0428656174879	0.0481456978969	0.0538888768977	0.0600710983376	0.0666370609887
44.141235390927	-0.000000000000	2.0139759198e-4	4.2861182208e-4	6.8494917540e-4	9.7413802736e-4	0.0013003816898	0.0016684177583	0.0020835843382	0.0025518936989	0.0030801138255	0.0036758581848	0.0043476837558	0.0051051969393	0.0059591662832	0.0069216399261	0.0080060641167	0.0092273968972	0.0106022077471	0.0121487492665	0.0138869803081	0.0158385106673	0.0180264246818	0.0204749239719	0.0232087072078	0.0262519767830	0.0296269292612	0.0333515514472	0.0374365142968	0.0418809474870	0.0466669146006
50.000000000000	-0.000000000000	1.3836192117e-4	2.9446038904e-4	4.7056750333e-4	6.6924557679e-4	8.9338378484e-4	0.0011462392469	0.0014314829847	0.0017532512048	0.0021162023299	0.0025255801434	0.0029872832950	0.0035079412058	0.0040949960850	0.0047567902403	0.0055026570763	0.0063430129867	0.0072894456015	0.0083547913263	0.0095531914852	0.0109001112612	0.0124122984820	0.0141076495032	0.0160049362808	0.0181233315368	0.0204816473500	0.0230971770115	0.0259840028181	0.0291506091990	0.0325966324591
