Multipole
50	#n_radial
4	#l_max
0	#unused
#Phi
#radius	l=0,m=0	l=1,m=-1	l=1,m=0	l=1,m=1	l=2,m=-2	l=2,m=-1	l=2,m=0	l=2,m=1	l=2,m=2	l=3,m=-3	l=3,m=-2	l=3,m=-1	l=3,m=0	l=3,m=1	l=3,m=2	l=3,m=3	l=4,m=-4	l=4,m=-3	l=4,m=-2	l=4,m=-1	l=4,m=0	l=4,m=1	l=4,m=2	l=4,m=3	l=4,m=4
0.0100000000000	-728543.7320441	0	0	0	0	0	-1.107595806295	0	0	0	0	0	0	0	0	0	0	0	0	0	-0.059136262408	0	0	0	0
0.0130709005487	-728480.4112869	0	0	0	0	0	-1.526652878851	0	0	0	0	0	0	0	0	0	0	0	0	0	-0.088681782359	0	0	0	0
0.0170848441153	-728385.3982917	0	0	0	0	0	-2.059593028038	0	0	0	0	0	0	0	0	0	0	0	0	0	-0.132914511404	0	0	0	0
0.0223314298321	-728242.8310319	0	0	0	0	0	-2.695502542040	0	0	0	0	0	0	0	0	0	0	0	0	0	-0.198992786884	0	0	0	0
0.0291891898445	-728028.9084960	0	0	0	0	0	-3.369890453889	0	0	0	0	0	0	0	0	0	0	0	0	0	-0.297288040154	0	0	0	0
0.0381528997554	-727707.9172092	0	0	0	0	0	-3.903784331047	0	0	0	0	0	0	0	0	0	0	0	0	0	-0.442283589810	0	0	0	0
0.0498692758346	-727226.2690173	0	0	0	0	0	-3.888192075461	0	0	0	0	0	0	0	0	0	0	0	0	0	-0.652562065530	0	0	0	0
0.0651836344869	-726503.5547688	0	0	0	0	0	-2.469474482766	0	0	0	0	0	0	0	0	0	0	0	0	0	-0.946813246543	0	0	0	0
0.0852008803779	-725419.1203433	0	0	0	0	0	2.0431993947939	0	0	0	0	0	0	0	0	0	0	0	0	0	-1.326246112402	0	0	0	0
0.1113652234079	-723791.9269742	0	0	0	0	0	12.870288789945	0	0	0	0	0	0	0	0	0	0	0	0	0	-1.715944682368	0	0	0	0
0.1455643759746	-721352.2541462	0	0	0	0	0	34.181210890289	0	0	0	0	0	0	0	0	0	0	0	0	0	-1.947702824740	0	0	0	0
0.1902657481793	-717719.0372284	0	0	0	0	0	69.255583316892	0	0	0	0	0	0	0	0	0	0	0	0	0	-1.738020322137	0	0	0	0
0.2486944672271	-712388.5402329	0	0	0	0	0	117.83827187947	0	0	0	0	0	0	0	0	0	0	0	0	0	-1.191152133200	0	0	0	0
0.3250660648130	-704721.4654169	0	0	0	0	0	174.96786077594	0	0	0	0	0	0	0	0	0	0	0	0	0	-0.842072632791	0	0	0	0
0.4248906204920	-693948.7927865	0	0	0	0	0	232.67884037947	0	0	0	0	0	0	0	0	0	0	0	0	0	-0.945203380394	0	0	0	0
0.5553703044515	-679210.7394623	0	0	0	0	0	282.61506123863	0	0	0	0	0	0	0	0	0	0	0	0	0	-1.298242953726	0	0	0	0
0.7259190017171	-659645.1906145	0	0	0	0	0	317.04106315030	0	0	0	0	0	0	0	0	0	0	0	0	0	-2.089192480473	0	0	0	0
0.9488415077837	-634527.0437514	0	0	0	0	0	329.89988947404	0	0	0	0	0	0	0	0	0	0	0	0	0	-1.900984053619	0	0	0	0
1.2402212984694	-603437.5064299	0	0	0	0	0	318.75167685011	0	0	0	0	0	0	0	0	0	0	0	0	0	-1.164927546199	0	0	0	0
1.6210809250640	-566433.2541166	0	0	0	0	0	286.20230277846	0	0	0	0	0	0	0	0	0	0	0	0	0	-1.176510614079	0	0	0	0
2.1188987552862	-524150.0439045	0	0	0	0	0	239.01266668099	0	0	0	0	0	0	0	0	0	0	0	0	0	-1.098382800447	0	0	0	0
2.7695914903054	-477786.4248062	0	0	0	0	0	187.65686746549	0	0	0	0	0	0	0	0	0	0	0	0	0	-0.296709893659	0	0	0	0
3.6201054930233	-428960.9503375	0	0	0	0	0	138.79162222136	0	0	0	0	0	0	0	0	0	0	0	0	0	0.1724456441310	0	0	0	0
4.7318038875014	-379474.4467221	0	0	0	0	0	96.550277951343	0	0	0	0	0	0	0	0	0	0	0	0	0	0.6154249525097	0	0	0	0
6.1848938029356	-331050.0339502	0	0	0	0	0	64.710378138930	0	0	0	0	0	0	0	0	0	0	0	0	0	0.9704397091487	0	0	0	0
8.0842131802276	-285131.9054029	0	0	0	0	0	41.431389703148	0	0	0	0	0	0	0	0	0	0	0	0	0	0.7125986330440	0	0	0	0
10.566794649303	-242768.9869230	0	0	0	0	0	25.422182135280	0	0	0	0	0	0	0	0	0	0	0	0	0	0.2976230488717	0	0	0	0
13.811752197929	-204597.3817481	0	0	0	0	0	15.239293400336	0	0	0	0	0	0	0	0	0	0	0	0	0	-0.198472457049	0	0	0	0
18.053203938205	-170884.2813271	0	0	0	0	0	9.5138101259739	0	0	0	0	0	0	0	0	0	0	0	0	0	-0.337924511169	0	0	0	0
23.597163326119	-141608.5361945	0	0	0	0	0	6.5655891972100	0	0	0	0	0	0	0	0	0	0	0	0	0	-0.429632331641	0	0	0	0
30.843617506651	-116545.4283845	0	0	0	0	0	5.4431020699161	0	0	0	0	0	0	0	0	0	0	0	0	0	-0.651063439659	0	0	0	0
40.315385699075	-95344.13972145	0	0	0	0	0	3.9111911805307	0	0	0	0	0	0	0	0	0	0	0	0	0	-0.400949057249	0	0	0	0
52.695839705401	-77590.80118438	0	0	0	0	0	2.1168063882012	0	0	0	0	0	0	0	0	0	0	0	0	0	-0.062969540249	0	0	0	0
68.878208011812	-62852.59509959	0	0	0	0	0	1.0816393233503	0	0	0	0	0	0	0	0	0	0	0	0	0	0.0375742704881	0	0	0	0
90.030020689322	-50707.15860472	0	0	0	0	0	0.5254215481668	0	0	0	0	0	0	0	0	0	0	0	0	0	0.0316893353318	0	0	0	0
117.67734468251	-40761.49704098	0	0	0	0	0	0.2360785862233	0	0	0	0	0	0	0	0	0	0	0	0	0	0.0084152444665	0	0	0	0
153.81488691771	-32661.65288972	0	0	0	0	0	0.0738086665822	0	0	0	0	0	0	0	0	0	0	0	0	0	0.0081020287389	0	0	0	0
201.04990898068	-26096.43592286	0	0	0	0	0	-0.017531708263	0	0	0	0	0	0	0	0	0	0	0	0	0	0.0135231786859	0	0	0	0
262.79033656062	-20797.26099789	0	0	0	0	0	-0.082938563560	0	0	0	0	0	0	0	0	0	0	0	0	0	0.0119353173244	0	0	0	0
343.49063543363	-16535.71721278	0	0	0	0	0	-0.160520302078	0	0	0	0	0	0	0	0	0	0	0	0	0	-0.004554254149	0	0	0	0
448.97319351535	-13119.78671394	0	0	0	0	0	-0.296204331250	0	0	0	0	0	0	0	0	0	0	0	0	0	-0.018431226785	0	0	0	0
586.84839614594	-10389.64341588	0	0	0	0	0	-0.478935873306	0	0	0	0	0	0	0	0	0	0	0	0	0	-0.038510387091	0	0	0	0
767.06370231720	-8213.355111411	0	0	0	0	0	-0.820698895261	0	0	0	0	0	0	0	0	0	0	0	0	0	-0.145945742978	0	0	0	0
1002.6213367485	-6482.214292677	0	0	0	0	0	-0.659602770835	0	0	0	0	0	0	0	0	0	0	0	0	0	-0.102858819544	0	0	0	0
1310.5163780618	-5108.202729337	0	0	0	0	0	-0.332283498550	0	0	0	0	0	0	0	0	0	0	0	0	0	-0.022111689127	0	0	0	0
1712.9629245053	-4019.961887855	0	0	0	0	0	-0.182284199376	0	0	0	0	0	0	0	0	0	0	0	0	0	-0.005655991247	0	0	0	0
2238.9968029773	-3159.566179674	0	0	0	0	0	-0.097452365362	0	0	0	0	0	0	0	0	0	0	0	0	0	-7.447528535e-4	0	0	0	0
2926.5704540514	-2480.416451957	0	0	0	0	0	-0.050574281894	0	0	0	0	0	0	0	0	0	0	0	0	0	5.7205419017e-4	0	0	0	0
3825.2911353591	-1945.130553305	0	0	0	0	0	-0.025589413542	0	0	0	0	0	0	0	0	0	0	0	0	0	8.2288768637e-4	0	0	0	0
5000.0000000000	-1523.812374518	0	0	0	0	0	-0.013109104407	0	0	0	0	0	0	0	0	0	0	0	0	0	7.9731688376e-4	0	0	0	0

#dPhi/dr
#radius	l=0,m=0	l=1,m=-1	l=1,m=0	l=1,m=1	l=2,m=-2	l=2,m=-1	l=2,m=0	l=2,m=1	l=2,m=2	l=3,m=-3	l=3,m=-2	l=3,m=-1	l=3,m=0	l=3,m=1	l=3,m=2	l=3,m=3	l=4,m=-4	l=4,m=-3	l=4,m=-2	l=4,m=-1	l=4,m=0	l=4,m=1	l=4,m=2	l=4,m=3	l=4,m=4
0.0100000000000	19170.604153625	0	0	0	0	0	-136.3015130125	0	0	0	0	0	0	0	0	0	0	0	0	0	-8.951699021363	0	0	0	0
0.0130709005487	22007.326819266	0	0	0	0	0	-135.7682242780	0	0	0	0	0	0	0	0	0	0	0	0	0	-10.26028643687	0	0	0	0
0.0170848441153	25263.797118066	0	0	0	0	0	-128.7986306261	0	0	0	0	0	0	0	0	0	0	0	0	0	-11.74276471649	0	0	0	0
0.0223314298321	29002.128667331	0	0	0	0	0	-112.4880490708	0	0	0	0	0	0	0	0	0	0	0	0	0	-13.40051886177	0	0	0	0
0.0291891898445	33293.624950609	0	0	0	0	0	-82.90245636025	0	0	0	0	0	0	0	0	0	0	0	0	0	-15.20511681833	0	0	0	0
0.0381528997554	38220.139650215	0	0	0	0	0	-34.74206622244	0	0	0	0	0	0	0	0	0	0	0	0	0	-17.05687598201	0	0	0	0
0.0498692758346	43875.638066058	0	0	0	0	0	39.101412626426	0	0	0	0	0	0	0	0	0	0	0	0	0	-18.69164602435	0	0	0	0
0.0651836344869	50367.989460559	0	0	0	0	0	148.12693227377	0	0	0	0	0	0	0	0	0	0	0	0	0	-19.47184921677	0	0	0	0
0.0852008803779	57821.024549802	0	0	0	0	0	304.98899861508	0	0	0	0	0	0	0	0	0	0	0	0	0	-17.91893394727	0	0	0	0
0.1113652234079	66375.615251115	0	0	0	0	0	520.89670519794	0	0	0	0	0	0	0	0	0	0	0	0	0	-11.19388882925	0	0	0	0
0.1455643759746	76012.370308320	0	0	0	0	0	709.14700483739	0	0	0	0	0	0	0	0	0	0	0	0	0	-1.924854940510	0	0	0	0
0.1902657481793	86095.871797164	0	0	0	0	0	832.43472450255	0	0	0	0	0	0	0	0	0	0	0	0	0	9.2749996270361	0	0	0	0
0.2486944672271	95805.258447659	0	0	0	0	0	810.41489582232	0	0	0	0	0	0	0	0	0	0	0	0	0	7.7432856133570	0	0	0	0
0.3250660648130	104328.13911249	0	0	0	0	0	676.06887274005	0	0	0	0	0	0	0	0	0	0	0	0	0	1.6545591629290	0	0	0	0
0.4248906204920	110802.92229222	0	0	0	0	0	484.94879966928	0	0	0	0	0	0	0	0	0	0	0	0	0	-2.551782206939	0	0	0	0
0.5553703044515	114396.72566622	0	0	0	0	0	291.62311699857	0	0	0	0	0	0	0	0	0	0	0	0	0	-3.690999944091	0	0	0	0
0.7259190017171	114404.26726102	0	0	0	0	0	125.87864423657	0	0	0	0	0	0	0	0	0	0	0	0	0	-3.252897919639	0	0	0	0
0.9488415077837	110461.04646033	0	0	0	0	0	2.8919821841619	0	0	0	0	0	0	0	0	0	0	0	0	0	3.5791391641794	0	0	0	0
1.2402212984694	102678.23919689	0	0	0	0	0	-67.74683333459	0	0	0	0	0	0	0	0	0	0	0	0	0	0.6709343501522	0	0	0	0
1.6210809250640	91675.598505792	0	0	0	0	0	-95.64185975623	0	0	0	0	0	0	0	0	0	0	0	0	0	-0.135016249306	0	0	0	0
2.1188987552862	78535.706277381	0	0	0	0	0	-89.70578431596	0	0	0	0	0	0	0	0	0	0	0	0	0	0.8018667359024	0	0	0	0
2.7695914903054	64565.325261690	0	0	0	0	0	-68.43996929016	0	0	0	0	0	0	0	0	0	0	0	0	0	1.0027339965904	0	0	0	0
3.6201054930233	51014.852955881	0	0	0	0	0	-47.83940588847	0	0	0	0	0	0	0	0	0	0	0	0	0	0.4043587349467	0	0	0	0
4.7318038875014	38845.534736702	0	0	0	0	0	-29.41885155210	0	0	0	0	0	0	0	0	0	0	0	0	0	0.3650516251810	0	0	0	0
6.1848938029356	28606.078227169	0	0	0	0	0	-16.29375780133	0	0	0	0	0	0	0	0	0	0	0	0	0	0.0512058685298	0	0	0	0
8.0842131802276	20452.944676906	0	0	0	0	0	-9.032229784498	0	0	0	0	0	0	0	0	0	0	0	0	0	-0.180927232786	0	0	0	0
10.566794649303	14255.387098632	0	0	0	0	0	-4.546538478754	0	0	0	0	0	0	0	0	0	0	0	0	0	-0.195711070775	0	0	0	0
13.811752197929	9721.9774994780	0	0	0	0	0	-2.066949871039	0	0	0	0	0	0	0	0	0	0	0	0	0	-0.075824640333	0	0	0	0
18.053203938205	6509.4242517281	0	0	0	0	0	-0.858408414947	0	0	0	0	0	0	0	0	0	0	0	0	0	-0.015073622069	0	0	0	0
23.597163326119	4291.4017235728	0	0	0	0	0	-0.281970321309	0	0	0	0	0	0	0	0	0	0	0	0	0	-0.030584597858	0	0	0	0
30.843617506651	2792.5687770587	0	0	0	0	0	-0.122056789290	0	0	0	0	0	0	0	0	0	0	0	0	0	-0.006236793073	0	0	0	0
40.315385699075	1797.3802247471	0	0	0	0	0	-0.182552252631	0	0	0	0	0	0	0	0	0	0	0	0	0	0.0402608628004	0	0	0	0
52.695839705401	1146.0861245354	0	0	0	0	0	-0.098740820752	0	0	0	0	0	0	0	0	0	0	0	0	0	0.0130407613457	0	0	0	0
68.878208011812	725.01086039616	0	0	0	0	0	-0.041104864839	0	0	0	0	0	0	0	0	0	0	0	0	0	0.0024203039371	0	0	0	0
90.030020689322	455.53496403300	0	0	0	0	0	-0.016114353060	0	0	0	0	0	0	0	0	0	0	0	0	0	-0.001448710732	0	0	0	0
117.67734468251	284.54553011889	0	0	0	0	0	-0.006769912506	0	0	0	0	0	0	0	0	0	0	0	0	0	-2.994128511e-4	0	0	0	0
153.81488691771	176.83629489700	0	0	0	0	0	-0.002877051170	0	0	0	0	0	0	0	0	0	0	0	0	0	1.5225733381e-4	0	0	0	0
201.04990898068	109.41104887067	0	0	0	0	0	-0.001337744473	0	0	0	0	0	0	0	0	0	0	0	0	0	5.0026709007e-5	0	0	0	0
262.79033656062	67.429961347194	0	0	0	0	0	-9.249510421e-4	0	0	0	0	0	0	0	0	0	0	0	0	0	-1.371618603e-4	0	0	0	0
343.49063543363	41.413738571345	0	0	0	0	0	-0.001054638013	0	0	0	0	0	0	0	0	0	0	0	0	0	-1.617136024e-4	0	0	0	0
448.97319351535	25.357159466332	0	0	0	0	0	-0.001453110113	0	0	0	0	0	0	0	0	0	0	0	0	0	-1.613987671e-4	0	0	0	0
586.84839614594	15.483204271994	0	0	0	0	0	-0.001429982947	0	0	0	0	0	0	0	0	0	0	0	0	0	-2.449317286e-4	0	0	0	0
767.06370231720	9.4310017660522	0	0	0	0	0	-0.001373085715	0	0	0	0	0	0	0	0	0	0	0	0	0	-5.437483220e-4	0	0	0	0
1002.6213367485	5.7335833248820	0	0	0	0	0	0.0016904957840	0	0	0	0	0	0	0	0	0	0	0	0	0	5.2369886862e-4	0	0	0	0
1310.5163780618	3.4773173460805	0	0	0	0	0	5.5529379367e-4	0	0	0	0	0	0	0	0	0	0	0	0	0	7.6851253906e-5	0	0	0	0
1712.9629245053	2.1050997387894	0	0	0	0	0	2.4788481436e-4	0	0	0	0	0	0	0	0	0	0	0	0	0	2.0749493050e-5	0	0	0	0
2238.9968029773	1.2722205730736	0	0	0	0	0	1.0363510404e-4	0	0	0	0	0	0	0	0	0	0	0	0	0	3.8678671381e-6	0	0	0	0
2926.5704540514	0.7676775117338	0	0	0	0	0	4.3265478788e-5	0	0	0	0	0	0	0	0	0	0	0	0	0	6.8899538641e-7	0	0	0	0
3825.2911353591	0.4625684123963	0	0	0	0	0	1.7135891925e-5	0	0	0	0	0	0	0	0	0	0	0	0	0	7.9863494133e-8	0	0	0	0
5000.0000000000	0.2783564773713	0	0	0	0	0	6.3079400208e-6	0	0	0	0	0	0	0	0	0	0	0	0	0	-8.510157316e-8	0	0	0	0
