CylSpline
30	#size_R
30	#size_z
0	#m_max
#Phi
0	#m
#R(row)\z(col)	0.0000000000000	0.0400000000000	0.0851278715323	0.1360409912583	0.1934810094158	0.2582846534215	0.3313959164593	0.4138798086078	0.5069378708168	0.6119256777272	0.7303725842950	0.8640040038698	1.0147665422511	1.1848563538501	1.3767511330199	1.5932462065724	1.8374952532388	2.1130562432351	2.4239432671319	2.7746850090189	3.1703907157414	3.6168246231808	4.1204899237456	4.6887234982251	5.3298027919616	6.0530663922058	6.8690500631014	7.7896402199175	8.8282470781853	10.000000000000
0.0000000000000	-413.4111709443	-392.0485296027	-350.4743251568	-312.6648823306	-275.3335527272	-240.3941094815	-210.3796415495	-183.5110382014	-159.2491414721	-138.2323461765	-120.1523789834	-104.3387376725	-90.56677182455	-78.73907556852	-68.57731059548	-59.77890653041	-52.15612022885	-45.57400277398	-39.88461155378	-34.94577990583	-30.64849176155	-26.90847150314	-23.65020652714	-20.80535551169	-18.31660272738	-16.13701046432	-14.22645612391	-12.54971150544	-11.07636143419	-9.780488287504
0.2000000000000	-356.0402963918	-344.6446037993	-317.4225971885	-286.1588010968	-255.2145240835	-226.1357031082	-199.5513518119	-175.4385305962	-153.7064086618	-134.3842040892	-117.3615896302	-102.3938330340	-89.28126962839	-77.86969534902	-67.96640000625	-59.36064600967	-51.88090685762	-45.39005504004	-39.75698951150	-34.85786263125	-30.58970611751	-26.86912481162	-23.62313738721	-20.78657632862	-18.30379172994	-16.12835154173	-14.22052259326	-12.54558997514	-11.07351070811	-9.778538592297
0.4256393576616	-254.5058640604	-249.2524041216	-236.2042884281	-220.1634695050	-203.1029003605	-185.8829653850	-168.9709328355	-152.5969504703	-136.9670048843	-122.2991359423	-108.7267847186	-96.30059045108	-85.04007657003	-74.93789495642	-65.94265427449	-57.97117619209	-50.93464293923	-44.74636532839	-39.31703095738	-34.55708377099	-30.38508047138	-26.72995077713	-23.52793914527	-20.72123297385	-18.25904421454	-16.09774809043	-14.19951795592	-12.53111290762	-11.06352899660	-9.771669173883
0.6802049562913	-160.3597446396	-159.0242512696	-155.5667799538	-150.8513095720	-145.0312945413	-138.2223106481	-130.5905220005	-122.2831504716	-113.4935085140	-104.4573704025	-95.39619014494	-86.50300885753	-77.94835412757	-69.86908119070	-62.35545467858	-55.45480285219	-49.18346417702	-43.53415600255	-38.47997288002	-33.98033834950	-29.98885941615	-26.45814432466	-23.34127467705	-20.59290106997	-18.17086576950	-16.03718609150	-14.15786044230	-12.50239988951	-11.04372671392	-9.758015721270
0.9674050470790	-106.0658709798	-105.9064435617	-105.3767884860	-104.3932042496	-102.8599252113	-100.7078449749	-97.89486381085	-94.40329211976	-90.25598008233	-85.52069914858	-80.30146298580	-74.72942728406	-68.95314435202	-63.12389978198	-57.38052240043	-51.83922093108	-46.58922784976	-41.69187482199	-37.18184872674	-33.07138349688	-29.35574729066	-26.01882817453	-23.03704560729	-20.38247052155	-18.02550856021	-15.93687258906	-14.08862513555	-12.45458358394	-11.01069120218	-9.735195722379
1.2914232671074	-77.79941299533	-77.73842331299	-77.54491937265	-77.19631207400	-76.64710278041	-75.84206173813	-74.72331129345	-73.23569060833	-71.33389308617	-68.99016880722	-66.20098382613	-62.99141475811	-59.41587604654	-55.55427456034	-51.50390232383	-47.36908881141	-43.25084608802	-39.23824167926	-35.40266103766	-31.79562888803	-28.44940331113	-25.37961191929	-22.58867492830	-20.06923233235	-17.80736645539	-15.78531671587	-13.98348110931	-12.38168906032	-10.96018169507	-9.700213856769
1.6569795822967	-59.90350948829	-59.88712217500	-59.82444187584	-59.69229735393	-59.46673697826	-59.12013298739	-58.62021828149	-57.93076494466	-57.01353030397	-55.83149246159	-54.35333573581	-52.55875283553	-50.44361551151	-48.02376418541	-45.33611972165	-42.43650077204	-39.39431512132	-36.28523917453	-33.18335163987	-30.15473627873	-27.25296233222	-24.51730389915	-21.97300246939	-19.63292018526	-17.49997755130	-15.56975125438	-13.83280579372	-12.27662599178	-10.88705243204	-9.649378992081
2.0693990430390	-47.72319981301	-47.71344368154	-47.67941766127	-47.61227871975	-47.50031439142	-47.32871335883	-47.07940548863	-46.73085774729	-46.25831589738	-45.63456833036	-44.83149600434	-43.82254185899	-42.58604894813	-41.10911854481	-39.39134210020	-37.44735960717	-35.30744578892	-33.01566316864	-30.62549453019	-28.19440546703	-25.77797146502	-23.42516449020	-21.17529553880	-19.05683829830	-17.08778024124	-15.27699994898	-13.62609613372	-12.13132133773	-10.78525998038	-9.578254046469
2.5346893540841	-38.85716772661	-38.85139126716	-38.83187793176	-38.79451840153	-38.73324747848	-38.64009852694	-38.50505187721	-38.31574573210	-38.05726597708	-37.71212713786	-37.26057976883	-36.68142627471	-35.95339365018	-35.05730029022	-33.97872834047	-32.71104625666	-31.25795759018	-29.63513145817	-27.86997349649	-25.99968573925	-24.06752196806	-22.11835227213	-20.19434875922	-18.33168734896	-16.55862862645	-14.89501441043	-13.35275592741	-11.93708907571	-10.64800457757	-9.481680476019
3.0596283886361	-32.11257700432	-32.11021886656	-32.10127851143	-32.08246175629	-32.05007818090	-31.99951180075	-31.92495160156	-31.81912051230	-31.67304337335	-31.47585494928	-31.21470782395	-30.87489407282	-30.44022811932	-29.89392730347	-29.21991723298	-28.40476903918	-27.43991960235	-26.32393774103	-25.06428237892	-23.67792301776	-22.19063932688	-20.63473655968	-19.04580423183	-17.45915703635	-15.90671259231	-14.41485034512	-13.00332913172	-11.68532479130	-10.46806574477	-9.353907586684
3.6518629214750	-26.87946159465	-26.87769249521	-26.87159946181	-26.85973413006	-26.84004924209	-26.80985733428	-26.76571848201	-26.70326709788	-26.61702957114	-26.50023880619	-26.34466984422	-26.14053677249	-25.87651946680	-25.53996832705	-25.11746980089	-24.59571535560	-23.96284080866	-23.21012521252	-22.33382107961	-21.33678850263	-20.22946570634	-19.02980392289	-17.76194340327	-16.45398657333	-15.13512462274	-13.83292569612	-12.57115055554	-11.36854245777	-10.23840245753	-9.188888780066
4.3200200193490	-22.70378551476	-22.70275652324	-22.69915655323	-22.69207688646	-22.68027161354	-22.66211685801	-22.63552563772	-22.59783310070	-22.54566724093	-22.47480279862	-22.38001087656	-22.25492029666	-22.09190440714	-21.88208147746	-21.61542422549	-21.28110014832	-20.86809858344	-20.36618676011	-19.76719020396	-19.06646958815	-18.26434429699	-17.36712309925	-16.38739111597	-15.34333559987	-14.25716716538	-13.15289846512	-12.05405990742	-10.98169006347	-9.953011606578	-8.980839412770
5.0738327112556	-19.31764630024	-19.31709111470	-19.31505445523	-19.31090704789	-19.30385501951	-19.29289243045	-19.27672103016	-19.25367861313	-19.22164820191	-19.17795658448	-19.11925835009	-19.04141357930	-18.93937003479	-18.80707053857	-18.63741911139	-18.42233465699	-18.15298998241	-17.82024180422	-17.41534066690	-16.93090970366	-16.36212680045	-15.70793839890	-14.97203774149	-14.16332390955	-13.29560645544	-12.38652103649	-11.45583969037	-10.52354243185	-9.608047331671	-8.724902118212
5.9242817692504	-16.53916975719	-16.53877950998	-16.53741568865	-16.53471788312	-16.53020388775	-16.52324349970	-16.51302189343	-16.49848963006	-16.47830523209	-16.45076276734	-16.41371249237	-16.36445601440	-16.29966127920	-16.21525377560	-16.10633659859	-15.96714785861	-15.79109320415	-15.57089576091	-15.29891612883	-14.96768404674	-14.57065912154	-14.10318019728	-13.56348540076	-12.95360570177	-12.27988080564	-11.55289539497	-10.78674704767	-9.997752480143	-9.202854514113	-8.418076940284
6.8837556650996	-14.23014337168	-14.22989488509	-14.22902236087	-14.22730008970	-14.22441968521	-14.21997986497	-14.21345975413	-14.20418854302	-14.19130526618	-14.17371091563	-14.15001078213	-14.11844669153	-14.07681981285	-14.02240746150	-13.95187950617	-13.86122593303	-13.74571353896	-13.59989853987	-13.41773330038	-13.19279137329	-12.91869299686	-12.58969085032	-12.20144250653	-11.75186749919	-11.24193601652	-10.67619517652	-10.06283705226	-9.413213296740	-8.740839318986	-8.060095658958
7.9662310328621	-12.29363645734	-12.29348546739	-12.29294682749	-12.29186406512	-12.29003635405	-12.28720378372	-12.28302965605	-12.27707951349	-12.26879455287	-12.25745891880	-12.24216164158	-12.22174773558	-12.19476300979	-12.15938975741	-12.11337789312	-12.05397368119	-11.97785658793	-11.88109783851	-11.75916085353	-11.60697704076	-11.41911852455	-11.19012019767	-10.91495536797	-10.58966256785	-10.21206502040	-9.782462620269	-9.304133697211	-8.783479933407	-8.229709847661	-7.654074190391
9.1874762661941	-10.65802802614	-10.65792699590	-10.65757008822	-10.65685783356	-10.65566059443	-10.65380911210	-10.65108401023	-10.64720123747	-10.64179546226	-10.63439768152	-10.62440867556	-10.61106601812	-10.59340475925	-10.57021061987	-10.53996674915	-10.50079514900	-10.45039658332	-10.38599573323	-10.30430129463	-10.20150295521	-10.07332126911	-9.915145303288	-9.722282254576	-9.490342895698	-9.215757314016	-8.896380244317	-8.532093026596	-8.125268977611	-7.680956918474	-7.206681855425
10.565281216176	-9.267220409931	-9.267152605027	-9.266914607647	-9.266441380311	-9.265650157817	-9.264428599421	-9.262632304106	-9.260074390083	-9.256514008440	-9.251641526444	-9.245060327453	-9.236264748292	-9.224614372853	-9.209291560165	-9.189276796878	-9.163293880052	-9.129762884505	-9.086748625764	-9.031910548221	-8.962476742042	-8.875221217178	-8.766511519531	-8.632407614242	-8.468869765521	-8.272067116926	-8.038806844589	-7.767045099306	-7.456409546032	-7.108622828697	-6.727701777485
12.119716335660	-8.077932866677	-8.077889004075	-8.077733912839	-8.077424319088	-8.076903583064	-8.076097998701	-8.074911904125	-8.073221123888	-8.070865791601	-8.067639025640	-8.063278991586	-8.057447123095	-8.049713442418	-8.039532240118	-8.026215174843	-8.008892218642	-7.986486485910	-7.957657835936	-7.920766367937	-7.873829137040	-7.814488302404	-7.740000999746	-7.647265359000	-7.532905580306	-7.393430156496	-7.225495799012	-7.026260238606	-6.793817138050	-6.527648278072	-6.229005294784
13.873425045095	-7.056380069728	-7.056350938364	-7.056247861959	-7.056041869254	-7.055695230734	-7.055158815824	-7.054368749404	-7.053242421452	-7.051672845460	-7.049521634635	-7.046614045786	-7.042722974649	-7.037559686930	-7.030756674019	-7.021848960927	-7.010245638962	-6.995210437950	-6.975821944418	-6.950938918339	-6.919163509934	-6.878804447589	-6.827848597079	-6.763949753408	-6.684447869718	-6.586436120704	-6.466893010871	-6.322897624478	-6.151925620734	-5.952223866367	-5.723199731070
15.851953578707	-6.175392298040	-6.175372509728	-6.175302767553	-6.175163920020	-6.174930781212	-6.174570391666	-6.174040020663	-6.173284032296	-6.172230013981	-6.170787258363	-6.168836243589	-6.166224789871	-6.162758297626	-6.158188606358	-6.152200244158	-6.144393553098	-6.134264361223	-6.121179854259	-6.104350682111	-6.082799853443	-6.055329903146	-6.020491270868	-5.976556941649	-5.921511193603	-5.853063696883	-5.768703435221	-5.665807848868	-5.541822148721	-5.394510368991	-5.222274842444
18.084123115904	-5.412961304307	-5.412948033502	-5.412901144030	-5.412807766539	-5.412650870536	-5.412408248313	-5.412051120863	-5.411542072371	-5.410832858683	-5.409861044772	-5.408545889793	-5.406785996621	-5.404449053257	-5.401366971144	-5.397325628184	-5.392053056926	-5.385204985665	-5.376347370349	-5.364935662737	-5.350290802848	-5.331572380621	-5.307750188529	-5.277576609002	-5.239564063513	-5.191974160153	-5.132827897443	-5.059950491779	-4.971058716402	-4.863916343035	-4.736545963993
20.602449618728	-4.751180953158	-4.751172034422	-4.751140491744	-4.751077517846	-4.750971627074	-4.750807806936	-4.750566521412	-4.750222594624	-4.749742571125	-4.749085554898	-4.748196676097	-4.747006254531	-4.745425002550	-4.743338749669	-4.740601834439	-4.737028874024	-4.732384588953	-4.726371345146	-4.718614096705	-4.708642501629	-4.695870183022	-4.679571507441	-4.658856860785	-4.632649119068	-4.599661150411	-4.558389432116	-4.507118795807	-4.443959137348	-4.366921515805	-4.274045336239
23.443617491126	-4.175296176205	-4.175290099096	-4.175268626951	-4.175225843263	-4.175153924530	-4.175042691348	-4.174878899132	-4.174645378216	-4.174319926082	-4.173873899813	-4.173270427125	-4.172462127823	-4.171388276160	-4.169971123213	-4.168111368274	-4.165682437661	-4.162523369524	-4.158430017175	-4.153144238315	-4.146341026353	-4.137612797336	-4.126451577431	-4.112228798925	-4.094173785530	-4.071352615515	-4.042650385447	-4.006761651883	-3.962195953177	-3.907307471178	-3.840359094113
26.649013959808	-3.673029080126	-3.673024866281	-3.673010226809	-3.672981062909	-3.672932061751	-3.672856290352	-3.672744737405	-3.672585687752	-3.672364049176	-3.672060297448	-3.671649306637	-3.671098783820	-3.670367299041	-3.669401767000	-3.668134402969	-3.666478613420	-3.664324143468	-3.661530881610	-3.657921231723	-3.653270770847	-3.647296949481	-3.639645656515	-3.629875603983	-3.617440781286	-3.601671683899	-3.581756805028	-3.556726848572	-3.525446045898	-3.486616111719	-3.438800937823
30.265331961029	-3.234110494838	-3.234107669221	-3.234097697052	-3.234077811478	-3.234044386410	-3.233992689063	-3.233916563546	-3.233808026690	-3.233656752266	-3.233449413449	-3.233168845494	-3.232792980817	-3.232293496597	-3.231634100294	-3.230768360825	-3.229636972265	-3.228164313034	-3.226254138610	-3.223784216394	-3.220599694229	-3.216504976715	-3.211253897266	-3.204538024745	-3.195973066362	-3.185083564158	-3.171286488571	-3.153874978940	-3.132004437473	-3.104684488689	-3.070781915828
34.345250315507	-2.849899922333	-2.849897989041	-2.849891166058	-2.849877560246	-2.849854690497	-2.849819318324	-2.849767231222	-2.849692965856	-2.849589454690	-2.849447575266	-2.849255575888	-2.848998344586	-2.848656479717	-2.848205110064	-2.847612399484	-2.846837655753	-2.845828945119	-2.844520093319	-2.842826931157	-2.840642619805	-2.837831871128	-2.834223867540	-2.829603694313	-2.823702141330	-2.816183836112	-2.806633872179	-2.794543446190	-2.779295574431	-2.760152785837	-2.736249871375
38.948201099587	-2.513077134822	-2.513075809240	-2.513071130982	-2.513061801978	-2.513046120965	-2.513021867298	-2.512986152326	-2.512935229456	-2.512864251613	-2.512766961771	-2.512635298424	-2.512458893079	-2.512224430855	-2.511914837867	-2.511508249873	-2.510976705541	-2.510284494193	-2.509386072106	-2.508223443280	-2.506722880779	-2.504790844650	-2.502308934903	-2.499127708303	-2.495059194501	-2.489868031386	-2.483260901644	-2.474875110707	-2.464265807344	-2.450893471008	-2.434113021428
44.141235390927	-2.217411888306	-2.217410977735	-2.217407764135	-2.217401355823	-2.217390584131	-2.217373923575	-2.217349389716	-2.217314408621	-2.217265650123	-2.217198815009	-2.217108363623	-2.216987169998	-2.216826081510	-2.216613358737	-2.216333963792	-2.215968657335	-2.215492854717	-2.214875179986	-2.214075642589	-2.213043345793	-2.211713618431	-2.210004443990	-2.207812045554	-2.205005476400	-2.201420071510	-2.196849647386	-2.191037415064	-2.183665721803	-2.174344998040	-2.162602704166
50.000000000000	-1.957577704638	-1.957577078138	-1.957574867087	-1.957570457972	-1.957563046700	-1.957551583651	-1.957534703390	-1.957510634806	-1.957477086321	-1.957431099354	-1.957368861372	-1.957285467570	-1.957174617287	-1.957028227587	-1.956835941890	-1.956584505821	-1.956256975451	-1.955831714555	-1.955281127203	-1.954570059906	-1.953653793603	-1.952475530557	-1.950963265732	-1.949025918564	-1.946548593204	-1.943386839794	-1.939359816870	-1.934242322044	-1.927755788587	-1.919558572292

#dPhi/dR
0	#m
#R(row)\z(col)	0.0000000000000	0.0400000000000	0.0851278715323	0.1360409912583	0.1934810094158	0.2582846534215	0.3313959164593	0.4138798086078	0.5069378708168	0.6119256777272	0.7303725842950	0.8640040038698	1.0147665422511	1.1848563538501	1.3767511330199	1.5932462065724	1.8374952532388	2.1130562432351	2.4239432671319	2.7746850090189	3.1703907157414	3.6168246231808	4.1204899237456	4.6887234982251	5.3298027919616	6.0530663922058	6.8690500631014	7.7896402199175	8.8282470781853	10.000000000000
0.0000000000000	-0.000000000000	-0.000000000000	-0.000000000000	-0.000000000000	-0.000000000000	-0.000000000000	-0.000000000000	-0.000000000000	-0.000000000000	-0.000000000000	-0.000000000000	-0.000000000000	-0.000000000000	-0.000000000000	-0.000000000000	-0.000000000000	-0.000000000000	-0.000000000000	-0.000000000000	-0.000000000000	-0.000000000000	-0.000000000000	-0.000000000000	-0.000000000000	-0.000000000000	-0.000000000000	-0.000000000000	-0.000000000000	-0.000000000000	-0.000000000000
0.2000000000000	415.78750957322	381.35377352303	308.21736104835	240.28246337511	184.11787907066	138.22873683322	102.64809137996	75.224290854609	53.848080595948	38.038464917191	26.838049923348	18.695519441917	12.766871825596	8.7019894234164	5.9830048094578	4.0849108904826	2.7479234501972	1.8533114175211	1.2672115687724	0.8663355225674	0.5858055513901	0.3960927194346	0.2710231522511	0.1864270481056	0.1274617169325	0.0868423385641	0.0595499295479	0.0411182051522	0.0283654195748	0.0194881387400
0.4256393576616	446.44533887399	424.43155245679	371.36122719702	310.28893193224	251.52601520731	199.33579896055	155.09761538461	118.44307747331	88.726767714542	65.370738237743	47.486456168613	34.012098059052	24.038550483787	16.829249028541	11.711251830621	8.0984501437804	5.5627714249640	3.8095321863616	2.6108857602527	1.7885024373228	1.2215895720181	0.8338447392030	0.5709523937016	0.3918517149629	0.2686844342363	0.1841165246650	0.1264713835788	0.0871339849104	0.0600690124567	0.0413775137858
0.6802049562913	275.71889162978	266.98949462625	245.52731982165	219.38662314667	191.64406281183	163.90743437931	137.32979541223	112.62061470223	90.349464835055	70.961809465639	54.619593624139	41.230137989628	30.564094688328	22.303453838416	16.060643209931	11.431914124417	8.0564187609972	5.6351654270194	3.9220146512304	2.7190171954792	1.8781533038325	1.2943371276645	0.8916768634472	0.6143496284046	0.4229810272391	0.2910763681380	0.2004782212566	0.1382696756433	0.0954168522783	0.0658396952735
0.9674050470790	123.43450621194	122.32311783611	119.23896639028	114.55284526190	108.19881956181	100.27301521863	91.046381822922	80.845145351416	70.106234456743	59.340316072496	49.020067982770	39.525694479097	31.132197346922	23.991075542485	18.123541022193	13.448006472333	9.8231945496950	7.0817253742027	5.0515348086809	3.5726106236653	2.5090839756592	1.7528498954195	1.2202102912441	0.8473578414944	0.5872451963100	0.4063741414132	0.2810603396425	0.1944009440782	0.1344555721108	0.0929780363659
1.2914232671074	63.220897133315	63.086578448334	62.634847895138	61.770899168207	60.373194251449	58.336227074813	55.587389670173	52.099928385768	47.912901851996	43.139768202953	37.960553764218	32.602501027915	27.311258421433	22.316221534075	17.799187281422	13.875631301158	10.591887409006	7.9348340887510	5.8482158150529	4.2511324934808	3.0548360663830	2.1748167716651	1.5370815727984	1.0803057825069	0.7559879586493	0.5272945772670	0.3669524425030	0.2549979186685	0.1770157591277	0.1227839292159
1.6569795822967	37.564800951836	37.503815928387	37.315257347373	36.987934045698	36.488169273039	35.770662817650	34.785694574494	33.485232124616	31.831175467521	29.805441568546	27.420250476290	24.725018109146	21.806965883857	18.783464180677	15.786727572877	12.944312965341	10.360854202392	8.1058865224834	6.2100660877470	4.6693033896380	3.4539793081049	2.5198112209219	1.8173256127638	1.2985517945828	0.9209983829877	0.6494114483162	0.4558730700968	0.3189556242396	0.2226096622613	0.1550780103241
2.0693990430390	23.336444166437	23.334778216933	23.311938232753	23.238178248909	23.091662646615	22.850838916474	22.491475418686	21.987039272966	21.310587977186	20.437809091738	19.351350549366	18.046134198865	16.534661140276	14.850551902210	13.048559256725	11.199816545143	9.3827281720296	7.6715551541394	6.1258512245628	4.7837219740330	3.6601681693053	2.7500830051650	2.0339953015734	1.4844447882177	1.0714628609100	0.7664469178909	0.5443373981861	0.3844255010906	0.2703107166457	0.1894336098202
2.5346893540841	15.569114434619	15.557907693507	15.524994511239	15.470571350787	15.388719346425	15.270073896992	15.103012039975	14.873733123551	14.566562822658	14.164696682232	13.651688557604	13.013664733120	12.242250307460	11.337892242877	10.312818173541	9.1925776724140	8.0151433722764	6.8270835966117	5.6772860545779	4.6098493206399	3.6580541863904	2.8410851492162	2.1639639117146	1.6200740837948	1.1950103211860	0.8705080514602	0.6275997382946	0.4486941084015	0.3186451369785	0.2250946030794
3.0596283886361	10.583271737942	10.581012768449	10.572181102599	10.553224591193	10.520398060783	10.469253950508	10.394272709393	10.288734100261	10.144622015190	9.9527181045971	9.7028923304456	9.3847741450647	8.9888589763808	8.5081627983079	7.9401956115294	7.2890537204768	6.5669698721873	5.7946615354821	4.9999192333261	4.2143542469704	3.4689829524799	2.7897728128519	2.1944390216495	1.6912339135711	1.2797236612278	0.9529213587389	0.6999023025717	0.5081915569642	0.3655218666714	0.2609004166777
3.6518629214750	7.3912478353505	7.3902852401424	7.3864660321755	7.3780001738326	7.3630228787930	7.3392786898248	7.3039346728342	7.2534734527912	7.1836029309229	7.0892136275622	6.9643930128603	6.8025826834477	6.5969213667923	6.3408527838648	6.0290597694603	5.6586724582246	5.2306365583860	4.7509270363978	4.2311698146170	3.6882466335064	3.1426631601965	2.6158833388161	2.1272526586309	1.6914084410420	1.3168134943244	1.0056983977664	0.7551350443422	0.5587137844253	0.4082622011007	0.2952469365673
4.3200200193490	5.2826441629640	5.2816208649624	5.2784207805883	5.2727269098196	5.2637634284022	5.2504264894022	5.2312862903703	5.2045407808097	5.1679349246919	5.1187013793356	5.0535150272324	4.9684914576025	4.8592581728910	4.7211515496627	4.5495712702748	4.3405412266169	4.0914773630098	3.8020931645985	3.4752857264613	3.1177327010944	2.7398969601052	2.3552218376631	1.9785348265642	1.6239872227102	1.3030835477208	1.0233411807203	0.7878865994355	0.5959263462458	0.4437868353952	0.3261246150032
5.0738327112556	3.8185198317480	3.8182004371492	3.8170174723370	3.8145651764747	3.8103702000131	3.8038348321519	3.7941956220498	3.7804851611926	3.7614881572038	3.7356892546587	3.7012358350365	3.6559003786631	3.5970706010683	3.5217853013970	3.4268426260943	3.3090113291569	3.1653813273622	2.9938544335136	2.7937540365454	2.5664587088285	2.3158972080602	2.0486954511395	1.7737947815953	1.5014957052919	1.2420845482336	1.0043907274657	0.7946745774794	0.6161235167938	0.4689998858012	0.3512687251774
5.9242817692504	2.7964741732455	2.7963156769656	2.7957154229997	2.7944527584837	2.7922701341479	2.7888465827492	2.7837684639506	2.7765078532193	2.7663945019707	2.7525870046065	2.7340410862363	2.7094760470308	2.6773526844877	2.6358616724209	2.5829419935271	2.5163450448512	2.4337676848723	2.3330746373306	2.2126217609439	2.0716701690340	1.9108372276107	1.7324830284630	1.5408895305617	1.3420945690999	1.1433143238442	0.9520270977060	0.7749322902523	0.6170701519128	0.4813330320416	0.3684491270236
6.8837556650996	2.0709590570439	2.0708323207070	2.0704114924139	2.0696128986111	2.0683082284247	2.0663238438230	2.0634338317787	2.0593495157440	2.0537016471454	2.0460213130326	2.0357211269241	2.0220699987155	2.0041715376511	1.9809449024700	1.9511154861120	1.9132239371894	1.8656658014532	1.8067769068630	1.7349802444707	1.6490033496272	1.5481654944650	1.4326993395201	1.3040457049458	1.1650228220829	1.0197668065731	0.8733810646926	0.7313204559923	0.5986436148928	0.4793330977269	0.3758667028438
7.9662310328621	1.5451854628124	1.5451263566669	1.5449169339562	1.5444998603293	1.5437999523124	1.5427212368034	1.5411350657179	1.5388793839585	1.5357460070087	1.5314699331343	1.5257164498655	1.5180657919404	1.5079969630193	1.4948712895153	1.4779180732602	1.4562266946778	1.4287507133893	1.3943326346598	1.3517598823749	1.2998637781945	1.2376687658679	1.1645930494457	1.0806809502581	0.9868251435652	0.8849120587929	0.7778142536661	0.6691757396725	0.5629948301436	0.4630866494563	0.3725650000387
9.1874762661941	1.1609340233669	1.1609036805098	1.1607966589946	1.1605741733074	1.1601934492075	1.1595990701645	1.1587193313290	1.1574617977368	1.1557078221952	1.1533058318296	1.1500633909876	1.1457376351764	1.1400245591178	1.1325470384585	1.1228429040627	1.1103543785952	1.0944215546512	1.0742841618320	1.0490973203762	1.0179693753266	0.9800293789658	0.9345315873026	0.8809973311539	0.8193837444383	0.7502509280036	0.6748813114974	0.5952952941609	0.5141191231450	0.4342996074364	0.3587164361731
10.565281216176	0.8777341578613	0.8777141972391	0.8776457874061	0.8775103886053	0.8772843370555	0.8769360908596	0.8764247267262	0.8756972868181	0.8746858540115	0.8733033109857	0.8714385986710	0.8689508184953	0.8656626257216	0.8613512137401	0.8557412365286	0.8484948048213	0.8392038698581	0.8273849781819	0.8124795775033	0.7938653256582	0.7708805222537	0.7428723378977	0.7092700510286	0.6696876045349	0.6240464735562	0.5727015606898	0.5165367818220	0.4569895551920	0.3959691326107	0.3356595380183
12.119716335660	0.6668848482989	0.6668740367810	0.6668337967456	0.6667556851833	0.6666248749351	0.6664233442200	0.6661274492405	0.6657065580003	0.6651212924175	0.6643209469598	0.6632410737901	0.6617992845530	0.6598913592383	0.6573860478218	0.6541193340672	0.6498875854635	0.6444417146705	0.6374804145477	0.6286463820412	0.6175261535019	0.6036570275701	0.5865449956466	0.5656981539791	0.5406797461355	0.5111818340242	0.4771165583343	0.4387106202938	0.3965809607346	0.3517609093491	0.3056496377799
13.873425045095	0.5088135401062	0.5088068432732	0.5087854227183	0.5087412756624	0.5086668100209	0.5085513230534	0.5083809889037	0.5081379463298	0.5077991495085	0.5073349265950	0.5067075186861	0.5058684647885	0.5047562703317	0.5032931671430	0.5013813749507	0.4988984517388	0.4956931777900	0.4915799636100	0.4863345265780	0.4796906619130	0.4713398482594	0.4609359219208	0.4481077066489	0.4324829631827	0.4137267781976	0.3915956882367	0.3660051097089	0.3371007455110	0.3053181924343	0.2714073473059
15.851953578707	0.3896761429634	0.3896724387212	0.3896594357444	0.3896333033010	0.3895893797031	0.3895213820344	0.3894212195005	0.3892784076339	0.3890793591069	0.3888067704205	0.3884382576142	0.3879452584847	0.3872913744588	0.3864303971938	0.3853039383029	0.3838385970396	0.3819427290661	0.3795028485887	0.3763798922537	0.3724057406198	0.3673806926151	0.3610729974145	0.3532220557442	0.3435474380292	0.3317662416569	0.3176211752181	0.3009205210358	0.2815884252624	0.2597190767562	0.2356232031996
18.084123115904	0.2993926928672	0.2993909610557	0.2993830133829	0.2993673828057	0.2993411765263	0.2993007289799	0.2992412791996	0.2991566177033	0.2990387543786	0.2988773770765	0.2986592155734	0.2983674280229	0.2979803317499	0.2974703942931	0.2968027008337	0.2959331661007	0.2948064159777	0.2933533435761	0.2914883973214	0.2891067493096	0.2860816374118	0.2822623921872	0.2774739621961	0.2715191316181	0.2641850313995	0.2552558341065	0.2445335242855	0.2318674513072	0.2171923036641	0.2005692247679
20.602449618728	0.2306540608389	0.2306525132975	0.2306478791764	0.2306387034243	0.2306232524585	0.2305993624158	0.2305641943854	0.2305140568122	0.2304441689824	0.2303484903753	0.2302190897319	0.2300458733644	0.2298159310590	0.2295127978136	0.2291155401855	0.2285976375165	0.2279256308101	0.2270575211546	0.2259409201119	0.2245109934487	0.2226883064577	0.2203767888935	0.2174621934656	0.2138116865308	0.2092752832065	0.2036907748591	0.1968929648725	0.1887291086124	0.1790811622228	0.1678942356975
23.443617491126	0.1781226367339	0.1781218435209	0.1781190566938	0.1781136208088	0.1781043892467	0.1780901761102	0.1780692481397	0.1780394045617	0.1779978052397	0.1779407903959	0.1778636535638	0.1777603584637	0.1776231655666	0.1774422047522	0.1772048955597	0.1768952585007	0.1764930654202	0.1759728134290	0.1753025063874	0.1744422557498	0.1733427038938	0.1719433860480	0.1701711645145	0.1679390280213	0.1651457063613	0.1616767684965	0.1574081084276	0.1522129077035	0.1459731574643	0.1385964022526
26.649013959808	0.1378443676917	0.1378436937220	0.1378420254835	0.1378387380192	0.1378332213183	0.1378246910136	0.1378121321487	0.1377942335920	0.1377692821438	0.1377350941852	0.1376888460348	0.1376269127218	0.1375446495794	0.1374361213498	0.1372937417557	0.1371078734320	0.1368662769965	0.1365534696687	0.1361499427441	0.1356312333171	0.1349668503266	0.1341190783047	0.1330417150714	0.1316788681596	0.1299640181737	0.1278196911950	0.1251582398530	0.1218844287849	0.1179006398304	0.1131155424880
30.265331961029	0.1068674736276	0.1068671932300	0.1068662036725	0.1068642304836	0.1068609140646	0.1068557852157	0.1068482338352	0.1068374689423	0.1068224677088	0.1068019105921	0.1067740989128	0.1067368503085	0.1066873664069	0.1066220657920	0.1065363738860	0.1064244598047	0.1062789086284	0.1060903166117	0.1058467951472	0.1055333721339	0.1051312812680	0.1046171394747	0.1039620287017	0.1031305267280	0.1020797774347	0.1007587602178	0.0991080157024	0.0970602099963	0.0945420585157	0.0914782439221
34.345250315507	0.0829832802321	0.0829831113282	0.0829825152333	0.0829813265603	0.0829793285682	0.0829762383779	0.0829716880747	0.0829652005777	0.0829561588605	0.0829437667384	0.0829269989755	0.0829045379001	0.0828746930263	0.0828352993488	0.0827835890050	0.0827160298856	0.0826281235700	0.0825141537597	0.0823668753773	0.0821771340430	0.0819334063316	0.0816212540344	0.0812226921206	0.0807154824948	0.0800723871689	0.0792604492365	0.0782404227033	0.0769665465291	0.0753869538972	0.0734451159493
38.948201099587	0.0645267630695	0.0645266609507	0.0645263005528	0.0645255818805	0.0645243738847	0.0645225055193	0.0645197543054	0.0645158317243	0.0645103645771	0.0645028712208	0.0644927313089	0.0644791473064	0.0644610956178	0.0644372646343	0.0644059763672	0.0643650875883	0.0643118655393	0.0642428323468	0.0641535713507	0.0640384877729	0.0638905157940	0.0637007646113	0.0634580981852	0.0631486482906	0.0627552711061	0.0622569656586	0.0616283238990	0.0608390807738	0.0598539311519	0.0586328288369
44.141235390927	0.0502364082346	0.0502363463416	0.0502361279088	0.0502356923287	0.0502349601706	0.0502338277569	0.0502321602279	0.0502297826801	0.0502264688535	0.0502219267032	0.0502157800145	0.0502075450014	0.0501966005574	0.0501821504882	0.0501631756523	0.0501383734379	0.0501060814315	0.0500641814717	0.0500099795656	0.0499400564285	0.0498500828030	0.0497345934225	0.0495867138682	0.0493978361771	0.0491572428084	0.0488516857685	0.0484649402283	0.0479773722509	0.0473655910532	0.0466022998368
50.000000000000	0.0391527262902	0.0391526886969	0.0391525560220	0.0391522914527	0.0391518467412	0.0391511589106	0.0391501460394	0.0391487018754	0.0391466889573	0.0391439298391	0.0391401959017	0.0391351931036	0.0391285438499	0.0391197639510	0.0391082333804	0.0390931592284	0.0390735288650	0.0390480508819	0.0390150808722	0.0389725285526	0.0389177421784	0.0388473657290	0.0387571641157	0.0386418119457	0.0384946426033	0.0383073572773	0.0380696990707	0.0377691069433	0.0373903798045	0.0369154047460

#dPhi/dz
0	#m
#R(row)\z(col)	0.0000000000000	0.0400000000000	0.0851278715323	0.1360409912583	0.1934810094158	0.2582846534215	0.3313959164593	0.4138798086078	0.5069378708168	0.6119256777272	0.7303725842950	0.8640040038698	1.0147665422511	1.1848563538501	1.3767511330199	1.5932462065724	1.8374952532388	2.1130562432351	2.4239432671319	2.7746850090189	3.1703907157414	3.6168246231808	4.1204899237456	4.6887234982251	5.3298027919616	6.0530663922058	6.8690500631014	7.7896402199175	8.8282470781853	10.000000000000
0.0000000000000	-0.000000000000	903.43484345112	839.42381379287	684.51149891157	607.54774080717	470.51281753110	362.34514229992	293.25733699125	229.63116040083	174.24526280051	134.18487450258	104.23276921131	79.776052236571	60.579513797802	46.340982074449	35.624974846572	27.303334019046	20.889174451558	16.038599544111	12.361808530409	9.5362401259545	7.3581446628378	5.6877309827810	4.4069355686324	3.4194857629752	2.6555227473454	2.0644336382159	1.6069738132083	1.2522656909581	0.9766346020838
0.2000000000000	-0.000000000000	510.75122763946	637.10621081448	582.03894742850	495.00584855168	405.13735473400	326.23082448126	261.82090342879	207.80089762056	162.73452373086	126.88917061245	98.793566532901	76.447189693396	58.826529945340	45.270888475630	34.889688479622	26.857330859908	20.649328583019	15.899189741903	12.270091147355	9.4788447213400	7.3259028889163	5.6693631012305	4.3953425408147	3.4121240388324	2.6511643772019	2.0619089316005	1.6054317790434	1.2512995774500	0.9760434787685
0.4256393576616	-0.000000000000	237.85724755072	314.89298655423	309.66069006292	282.81748057571	248.84856444055	214.83338175211	183.20036852172	153.67263090864	126.81780210513	103.42443337742	83.503117419491	66.713110383089	52.818133703396	41.572599183995	32.589339137380	25.447228918860	19.806386203408	15.393848752869	11.961006038337	9.2904126668254	7.2133870030316	5.6022644062347	4.3545163044514	3.3871287344166	2.6360633360801	2.0528440587385	1.5999369623123	1.2479244103439	0.9739819378901
0.6802049562913	-0.000000000000	61.032612435529	86.719894152275	97.593783267345	104.04365484594	105.32171475746	103.02861201226	98.062771223762	90.625771349574	81.499723239604	71.639744050534	61.684772109322	52.087950302174	43.242004391251	35.405312277181	28.660544740266	22.976799531043	18.275622487018	14.452259237819	11.381710915538	8.9351485970459	6.9973788707907	5.4713585542878	4.2747832711250	3.3384408800881	2.6064648901088	2.0349009086211	1.5890198824506	1.2412496126266	0.9699036945782
0.9674050470790	-0.000000000000	7.8292563313399	15.456305709417	23.014580783485	30.078771682725	36.009508941287	40.616441449120	43.709966572374	45.108353030835	44.838573309844	43.101717374113	40.180329111338	36.412573149964	32.166441258106	27.783571372892	23.532842791637	19.599211121345	16.093004876517	13.062085471610	10.504820120615	8.3867374506647	6.6574538689136	5.2619303418274	4.1459589222982	3.2592842720381	2.5579878035484	2.0052916247883	1.5709218441581	1.2301657368943	0.9631195883027
1.2914232671074	-0.000000000000	2.9492157551498	5.5336129455794	8.1435574203342	10.948198666563	13.842894552869	16.680423786072	19.282881278121	21.460680623862	23.043738600502	23.908082978000	23.996387703504	23.329809939836	22.005323599421	20.176811926600	18.025867070964	15.732067420451	13.450186816472	11.297152102141	9.3481514626164	7.6405031820471	6.1824083924946	4.9626933576532	3.9588249418761	3.1428742844190	2.4859259379705	1.9608588124489	1.5435765231205	1.2133463131378	0.9527855764379
1.6569795822967	-0.000000000000	0.8424164240745	1.9528171728106	3.2310732261145	4.6099735106835	6.0692505492592	7.5814650983684	9.1018417225692	10.566314498561	11.894560604630	12.997075159122	13.787141124832	14.196033566203	14.187465614306	13.766721098265	12.981148654400	11.911541495749	10.657115828441	9.3187602794221	7.9849397407275	6.7231281991013	5.5773013731340	4.5701105345562	3.7074401694079	2.9835450283949	2.3857766558226	1.8983213955059	1.5047083704197	1.1892645999263	0.9379030905306
2.0693990430390	-0.000000000000	0.4859563551152	1.0202362236762	1.6162403821591	2.2805015375476	3.0112984551621	3.8017966677771	4.6389133164273	5.5016245697874	6.3595828077918	7.1728444195170	7.8934861343337	8.4698059513276	8.8531782336557	9.0065762952503	8.9125919174583	8.5783387225132	8.0352827356034	7.3337276466450	6.5336349815706	5.6946603434963	4.8681150924595	4.0923835751489	3.3918475918277	2.7783620357619	2.2540960926380	1.8146894043721	1.4520207266368	1.1562732534196	0.9173423762448
2.5346893540841	-0.000000000000	0.2847941381930	0.5758748789285	0.8908270944119	1.2418533802852	1.6316415263903	2.0604300870113	2.5261889240780	3.0236867418996	3.5433195142994	4.0701226841726	4.5832270738618	5.0560904050354	5.4580496591649	5.7574757800826	5.9264019558370	5.9457722227195	5.8099300999706	5.5287683791228	5.1265560171491	4.6376557457352	4.1004558214600	3.5513601579942	3.0203655734251	2.5288800684989	2.0896182665124	1.7078890212596	1.3835157839153	1.1127555090887	0.8899075729297
3.0596283886361	-0.000000000000	0.1209741657466	0.2775479656154	0.4609989816441	0.6661405897899	0.8937356544959	1.1448179648749	1.4196973555734	1.7174809815603	2.0356017201747	2.3691576202038	2.7102310552561	3.0473558551832	3.3653651321955	3.6458796512443	3.8687533380164	4.0145383258816	4.0677075499858	4.0199227210888	3.8723572673542	3.6361596116015	3.3307526092054	2.9804119707386	2.6102022572127	2.2424281746759	1.8943776520119	1.5775283123564	1.2979497721522	1.0573679884848	0.8544544952777
3.6518629214750	-0.000000000000	0.0878296291069	0.1813691987614	0.2846340691880	0.4006836152404	0.5308730268753	0.6762232142565	0.8375041311226	1.0150448479366	1.2084748381433	1.4163905336853	1.6359847195221	1.8626179826530	2.0894445305256	2.3072055673099	2.5043667194613	2.6677960594431	2.7841023566547	2.8415781896334	2.8324141739048	2.7545943498445	2.6128129243983	2.4179831624634	2.1854074859268	1.9321525906831	1.6744293163520	1.4256319590828	1.1953659785979	0.9893720483902	0.8100735293093
4.3200200193490	-0.000000000000	0.0514324444497	0.1076933885784	0.1703298851745	0.2406618088578	0.3195350885344	0.4077300477691	0.5059587389907	0.6148008877040	0.7345680155292	0.8651520357814	1.0058190028700	1.1549539236891	1.3097807966566	1.4660921907291	1.6180643816968	1.7582648946430	1.8779793242495	1.9679638266986	2.0196358377569	2.0265503822400	1.9858219298282	1.8990411210912	1.7723132363828	1.6153218782776	1.4396728827700	1.2570342406006	1.0775713589266	0.9090049351794	0.7563348336420
5.0738327112556	-0.000000000000	0.0282577109884	0.0620557308866	0.1008890194646	0.1446095783786	0.1936727111496	0.2486160658972	0.3099745591915	0.3782371709705	0.4538057232907	0.5369206240376	0.6275579346993	0.7252978729793	0.8291582466423	0.9374046708836	1.0473578674580	1.1552447607428	1.2561578105374	1.3442109161465	1.4129718033340	1.4562046078901	1.4688561264571	1.4480877337067	1.3940558671675	1.3101484517348	1.2025371282979	1.0791471796270	0.9483566877581	0.8177989055458	0.6935446231689
5.9242817692504	-0.000000000000	0.0194394857869	0.0409479021342	0.0650249892357	0.0921401375455	0.1226556623507	0.1569405253740	0.1953775631455	0.2383477928751	0.2862072577250	0.3392531772120	0.3976753628840	0.4614895379654	0.5304480593179	0.6039282948442	0.6808025784580	0.7593036565898	0.8369093065765	0.9102935367604	0.9753993048335	1.0276932610539	1.0626380701651	1.0763558564573	1.0663690311495	1.0322211875940	0.9757621695559	0.9009596707920	0.8132611567510	0.7186925782218	0.6229598739552
6.8837556650996	-0.000000000000	0.0124315416342	0.0261537842729	0.0414998479664	0.0587813257512	0.0782353103243	0.1001094381885	0.1246673875920	0.1521826933939	0.1829292992679	0.2171650564757	0.2551110296009	0.2969168166745	0.3426150256635	0.3920601645038	0.4448513664610	0.5002412576041	0.5570388868595	0.6135237667160	0.6673987066802	0.7158224299156	0.7555630965159	0.7833048814950	0.7961002981276	0.7919008186212	0.7700366420795	0.7314875132591	0.6788275448862	0.6158308250678	0.5468487206586
7.9662310328621	-0.000000000000	0.0075764779057	0.0163076988925	0.0262273957785	0.0374119587333	0.0500039967949	0.0641708434054	0.0800909158045	0.0979537563211	0.1179565049896	0.1402972981015	0.1651640699277	0.1927198331980	0.2230791762117	0.2562767206743	0.2922244599212	0.3306575402157	0.3710695218310	0.4126420950542	0.4541803621300	0.4940723926739	0.5303009365369	0.5605379477385	0.5823472293782	0.5934965440566	0.5923393672268	0.5781799638797	0.5515082928030	0.5140094508162	0.4683208079215
9.1874762661941	-0.000000000000	0.0050540211769	0.0107648751738	0.0172097079254	0.0244757509605	0.0326633828224	0.0418834555980	0.0522571443745	0.0639153755910	0.0769974183143	0.0916481602600	0.1080134314365	0.1262326500671	0.1464276791683	0.1686867412047	0.1930419288363	0.2194390486315	0.2476990101456	0.2774713524692	0.3081830546792	0.3389899470563	0.3687437440324	0.3959936743286	0.4190456589727	0.4360985417234	0.4454620962915	0.4458330873314	0.4365713901283	0.4178943833167	0.3909147642739
10.565281216176	-0.000000000000	0.0033840216995	0.0071552371452	0.0113883356933	0.0161599730210	0.0215384222420	0.0275979240762	0.0344202702681	0.0420949494366	0.0507186519545	0.0603944186804	0.0712294788167	0.0833322907432	0.0968068784932	0.1117451841583	0.1282153188217	0.1462455493988	0.1658025278857	0.1867633456046	0.2088820103212	0.2317514134611	0.2547671251960	0.2771007627928	0.2976975121265	0.3153135101621	0.3286089605581	0.3363021881154	0.3373705984766	0.3312590780620	0.3180367782162
12.119716335660	-0.000000000000	0.0021940405924	0.0046782374837	0.0074835648395	0.0106475813886	0.0142144409587	0.0182339252986	0.0227612329475	0.0278571886012	0.0335882849845	0.0400264765991	0.0472483873024	0.0553339980590	0.0643641939428	0.0744170239541	0.0855618394615	0.0978512344391	0.1113089434911	0.1259143034857	0.1415818272665	0.1581363833618	0.1752853155562	0.1925908622459	0.2094493448086	0.2250865577328	0.2385821162440	0.2489337879791	0.2551676167423	0.2564851687517	0.2524209100719
13.873425045095	-0.000000000000	0.0014579235166	0.0031115901418	0.0049805263398	0.0070889041415	0.0094662270323	0.0121460295938	0.0151656465482	0.0185664679519	0.0223941032955	0.0266984335568	0.0315333929877	0.0369564912622	0.0430277765481	0.0498081214077	0.0573563839899	0.0657252699625	0.0749552924534	0.0850659694284	0.0960444079801	0.1078302568275	0.1202973418744	0.1332328571510	0.1463165081099	0.1591041536390	0.1710229315582	0.1813870040667	0.1894426547238	0.1944478898515	0.1957809699169
15.851953578707	-0.000000000000	9.8881308710e-4	0.0021004722496	0.0033526835492	0.0047648883722	0.0063574852554	0.0081531148532	0.0101770887854	0.0124575733600	0.0150257833675	0.0179161301185	0.0211662339255	0.0248168026580	0.0289112559295	0.0334949781747	0.0386140375205	0.0443131352071	0.0506325029511	0.0576033834632	0.0652416834959	0.0735393834141	0.0824533958585	0.0918918734453	0.1016985932676	0.1116371276040	0.1213780579245	0.1304943735866	0.1384718038546	0.1447408375888	0.1487346659892
18.084123115904	-0.000000000000	6.6434805057e-4	0.0014125545239	0.0022558653859	0.0032070446418	0.0042798051748	0.0054894980911	0.0068532884401	0.0083903642032	0.0101220598166	0.0120720380542	0.0142663990765	0.0167336395923	0.0195046199702	0.0226122713535	0.0260910437720	0.0299759535692	0.0343010619449	0.0390971666949	0.0443884377274	0.0501876862724	0.0564899528008	0.0632641729113	0.0704429005551	0.0779105284613	0.0854912190087	0.0929389630917	0.0999334293496	0.1060869016561	0.1109672181344
20.602449618728	-0.000000000000	4.4661607610e-4	9.5161175704e-4	0.0015218420643	0.0021651393011	0.0028907153642	0.0037089936697	0.0046316510192	0.0056718052203	0.0068439989986	0.0081645268002	0.0096514028897	0.0113244787395	0.0132054641348	0.0153178596202	0.0176867512727	0.0203383992438	0.0232995259635	0.0265961778914	0.0302519971960	0.0342857003709	0.0387075307539	0.0435144415990	0.0486838326701	0.0541657688745	0.0598740893277	0.0656771575093	0.0713901084386	0.0767713626712	0.0815271939254
23.443617491126	-0.000000000000	3.0388247274e-4	6.4685772462e-4	0.0010337947695	0.0014702738594	0.0019626371076	0.0025179593981	0.0031442068791	0.0038503143523	0.0046462832237	0.0055432806434	0.0065537412159	0.0076914220782	0.0089715077117	0.0104105949359	0.0120266525435	0.0138388678494	0.0158673376967	0.0181325327513	0.0206544414334	0.0234512663472	0.0265375245363	0.0299213702561	0.0336009580952	0.0375596996447	0.0417603838768	0.0461383785523	0.0505945620802	0.0549892823040	0.0591394447533
26.649013959808	-0.000000000000	2.0737714560e-4	4.4112093522e-4	7.0451114477e-4	0.0010016504502	0.0013368309718	0.0017148907195	0.0021412880578	0.0026221154848	0.0031642366448	0.0037753240501	0.0044639430430	0.0052396253119	0.0061129326778	0.0070955044644	0.0082000701368	0.0094404137818	0.0108312586057	0.0123880337453	0.0141264694343	0.0160619483698	0.0182085197692	0.0205774591257	0.0231752385026	0.0260007665049	0.0290417839072	0.0322703856982	0.0356378278450	0.0390690945344	0.0424581950981
30.265331961029	-0.000000000000	1.4128068129e-4	3.0067019608e-4	4.8048526210e-4	6.8333660875e-4	9.1216516617e-4	0.0011702821702	0.0014614133262	0.0017897470464	0.0021599865825	0.0025774055490	0.0030479058282	0.0035780760736	0.0041752479050	0.0048475452505	0.0056039199459	0.0064541633793	0.0074088793986	0.0084793971608	0.0096775943462	0.0110155897123	0.0125052501153	0.0141574405615	0.0159809283417	0.0179808375458	0.0201565457750	0.0224989340271	0.0249869646134	0.0275836996272	0.0302321160798
34.345250315507	-0.000000000000	9.6664491527e-5	2.0571958235e-4	3.2875125895e-4	4.6754726664e-4	6.2412216069e-4	8.0074517806e-4	9.9997111162e-4	0.0012246743115	0.0014780858383	0.0017638336302	0.0020859852901	0.0024490927080	0.0028582371534	0.0033190726083	0.0038378638703	0.0044215141605	0.0050775744400	0.0058142231019	0.0066401998461	0.0075646710170	0.0085969951496	0.0097463467528	0.0110211437024	0.0124282101383	0.0139715952908	0.0156509648531	0.0174594954901	0.0193812507996	0.0213881211056
38.948201099587	-0.000000000000	6.6279074047e-5	1.4105412461e-4	2.2541300330e-4	3.2058218947e-4	4.2794412791e-4	5.4905658085e-4	6.8567415642e-4	8.3977215349e-4	0.0010135728192	0.0012095740380	0.0014305803466	0.0016797359723	0.0019605592924	0.0022769776658	0.0026333609278	0.0030345508835	0.0034858827618	0.0039931926530	0.0045628022373	0.0052014683947	0.0059162802758	0.0067144798754	0.0076031739219	0.0085888953353	0.0096769609801	0.0108705668534	0.0121695532151	0.0135687877996	0.0150561479473
44.141235390927	-0.000000000000	4.5528540955e-5	9.6893273300e-5	1.5484168003e-4	2.2021662444e-4	2.9396834560e-4	3.7716787995e-4	4.7102204078e-4	5.7689008063e-4	6.9630214489e-4	8.3097959053e-4	9.8285718511e-4	0.0011541071043	0.0013471644953	0.0015647541423	0.0018099174271	0.0020860382686	0.0023968659925	0.0027465320244	0.0031395558091	0.0035808332742	0.0040755982946	0.0046293437670	0.0052476838723	0.0059361327735	0.0066997675018	0.0075427347483	0.0084675543350	0.0094741695288	0.0105587019564
50.000000000000	-0.000000000000	3.1324967667e-5	6.6665469663e-5	1.0653591032e-4	1.5151640057e-4	2.0226105684e-4	2.5950730414e-4	3.2408628429e-4	3.9693447124e-4	4.7910659017e-4	5.7178992427e-4	6.7632006628e-4	7.9419812656e-4	9.2710933478e-4	0.0010769428554	0.0012458124596	0.0014360774299	0.0016503626840	0.0018915765351	0.0021629236956	0.0024679099781	0.0028103335434	0.0031942553390	0.0036239384076	0.0041037418640	0.0046379504584	0.0052305148506	0.0058846715047	0.0066024056941	0.0073837189885
