CylSpline
30	#size_R
30	#size_z
0	#m_max
#Phi
0	#m
#R(row)\z(col)	0.0000000000000	0.0400000000000	0.0851278715323	0.1360409912583	0.1934810094158	0.2582846534215	0.3313959164593	0.4138798086078	0.5069378708168	0.6119256777272	0.7303725842950	0.8640040038698	1.0147665422511	1.1848563538501	1.3767511330199	1.5932462065724	1.8374952532388	2.1130562432351	2.4239432671319	2.7746850090189	3.1703907157414	3.6168246231808	4.1204899237456	4.6887234982251	5.3298027919616	6.0530663922058	6.8690500631014	7.7896402199175	8.8282470781853	10.000000000000
0.0000000000000	-76699.90604149	-76645.90554193	-76465.36462754	-76132.32905165	-75622.50604578	-74916.71173381	-74003.55462969	-72881.26296468	-71558.14643561	-70050.52161472	-68378.73713825	-66562.68916054	-64617.78129296	-62554.34798669	-60379.47446742	-58098.87457987	-55719.71019916	-53251.24102256	-50705.33142667	-48096.53048134	-45441.88566848	-42760.33602744	-40071.90994419	-37397.07250077	-34756.22016514	-32168.85155152	-29652.60137622	-27222.54240076	-24890.59161692	-22665.34122376
0.2000000000000	-76568.42218879	-76516.94434495	-76340.14171300	-76007.35630191	-75494.45937259	-74784.89094039	-73870.36608292	-72751.03653135	-71435.47539102	-69938.95596137	-68280.08993962	-66476.94502933	-64543.86940552	-62490.73729942	-60324.71964249	-58051.84844115	-55679.45728443	-53216.95298291	-50676.33523769	-48072.25380263	-45421.73459192	-42743.67332234	-40058.19875232	-37385.90373047	-34747.25375393	-32161.74501501	-29647.00252200	-27218.15932497	-24887.19899726	-22662.74793405
0.4256393576616	-76040.38935264	-75991.82721497	-75824.15253841	-75505.12832441	-75007.77970827	-74314.49123065	-73417.92095956	-72320.73747548	-71033.37355984	-69571.05704001	-67950.29609666	-66185.91303909	-64289.70684133	-62270.10713326	-60133.93404091	-57887.52881177	-55538.58541657	-53096.86050718	-50574.64865397	-47986.84189491	-45350.57484918	-42684.83281043	-40009.92507334	-37346.68513769	-34715.74026065	-32136.67508512	-29627.22782241	-27202.70398296	-24875.24361892	-22653.60573544
0.6802049562913	-75035.81552619	-74990.72700694	-74834.85808350	-74537.18734718	-74070.71052859	-73416.56777993	-72566.12614250	-71521.02685764	-70291.22843319	-68891.26060455	-67335.84949051	-65637.29353615	-63804.80715622	-61844.92894018	-59763.53054585	-57566.80270687	-55262.60524453	-52860.97161476	-50374.48825749	-47818.30347092	-45209.82172716	-42568.29793662	-39914.30971730	-37268.98083382	-34653.21894323	-32086.86107753	-29587.90670991	-27171.96234088	-24851.45320829	-22635.40505132
0.9674050470790	-73551.46972855	-73510.33536651	-73367.97414922	-73095.67758531	-72667.91549280	-72065.85518262	-71279.75832975	-70309.38864234	-69162.37643072	-67850.90318145	-66387.20308409	-64781.14970949	-63039.50196243	-61166.76427078	-59167.43165588	-57046.89218067	-54812.61140409	-52474.53585744	-50045.29038160	-47540.20979537	-44976.93268259	-42375.03640333	-39755.43865805	-37139.65098662	-34548.98225214	-32003.67379819	-29522.16694778	-27120.51993786	-24811.61579779	-22604.90488173
1.2914232671074	-71603.82683741	-71566.84061874	-71438.68089781	-71193.53078364	-70807.89345020	-70264.05454682	-69551.90934504	-68669.43619836	-67621.66556870	-66417.70522140	-65066.82711685	-63576.16526186	-61950.01703509	-60190.67440450	-58300.76264465	-56284.18869036	-54147.34800672	-51899.44942817	-49552.63226674	-47122.02845554	-44625.30016029	-42082.19779450	-39513.97453935	-36942.55433334	-34389.73447629	-31876.31709150	-29421.34589503	-27041.51641110	-24750.36017367	-22557.95941911
1.6569795822967	-69212.57951794	-69179.69912361	-69065.84584272	-68848.09623644	-68505.64476582	-68022.33981477	-67388.26370541	-66600.18975542	-65660.72367526	-64576.02586339	-63352.42025536	-61994.29794997	-60503.50386079	-58880.06702108	-57124.41183920	-55238.44869999	-53226.73602191	-51096.96594547	-48860.08938911	-46530.37556725	-44124.97726589	-41663.47998221	-39167.22009159	-36658.43070440	-34159.40372346	-31691.57535401	-29274.73152239	-26926.39120376	-24660.94431473	-22489.33074975
2.0693990430390	-66401.92793497	-66373.03459903	-66273.08831255	-66082.24732968	-65782.51083365	-65359.64222474	-64804.30909555	-64112.51154017	-63284.96277520	-62325.25794725	-61237.07787881	-60022.38183596	-58680.83601674	-57210.37601688	-55609.21799003	-53876.95527942	-52015.80418477	-50031.21294424	-47932.16134156	-45731.21288953	-43444.27902396	-41090.12194527	-38689.66907356	-36265.14538154	-33839.15230655	-31433.70221822	-29069.39098867	-26764.68299917	-24535.03993795	-22392.49353908
2.5346893540841	-63202.10302402	-63177.03540334	-63090.45901327	-62925.52400738	-62667.10102415	-62303.00345802	-61824.78039723	-61228.05053852	-60512.08135664	-59678.41136850	-58728.51671290	-57662.42295127	-56478.00245541	-55171.49573796	-53739.18814317	-52178.40155517	-50488.81170098	-48673.21373189	-46737.90282818	-44692.97652882	-42552.20785346	-40332.70712761	-38054.25195526	-35738.44221826	-33407.76368385	-31084.56366769	-28790.13009733	-26543.91392373	-24362.57452693	-22259.45979159
3.0596283886361	-59652.58576893	-59631.11431361	-59557.20731337	-59416.88027691	-59197.74294757	-58889.66271099	-58485.22941126	-57979.98725533	-57372.22911066	-56661.91154605	-55848.84928420	-54931.56034809	-53906.63199378	-52769.08107394	-51513.66526549	-50135.81800438	-48632.84620960	-47004.76706554	-45254.89447283	-43390.26740202	-41421.75145934	-39363.88196656	-37234.37319684	-35053.41841518	-32842.64564493	-30624.21149369	-28419.79363206	-26249.66286494	-24131.68534565	-22080.67393517
3.6518629214750	-55803.42615790	-55785.38218340	-55723.38908950	-55606.12098677	-55423.72650105	-55168.08678633	-54832.86567309	-54413.84066809	-53908.62851422	-53316.05192646	-52634.78737974	-51862.28331626	-50994.31597557	-50025.14964847	-48948.53894841	-47758.49855306	-46450.41253884	-45021.79401472	-43473.00806831	-41807.79323774	-40033.60895596	-38161.69254865	-36206.81950371	-34186.74522478	-32121.41508559	-30032.00452385	-27939.94920552	-25865.95508006	-23828.89387709	-21845.03519506
4.3200200193490	-51717.58366379	-51702.72092751	-51651.71808939	-51555.68756674	-51407.11936254	-51199.64472443	-50928.10779887	-50588.57278265	-50178.36930096	-49695.58477900	-49138.08864870	-48502.75183872	-47784.93272556	-46978.57408579	-46076.92799818	-45073.12616485	-43961.20621620	-42736.70100703	-41397.36636896	-39943.80609219	-38379.93800226	-36713.29954850	-34955.04061705	-33119.63205215	-31224.33332302	-29288.38999588	-27332.15402950	-25376.07602107	-23439.57388084	-21540.12381578
5.0738327112556	-47472.75495863	-47460.76222031	-47419.74909338	-47342.93109850	-47224.74581614	-47060.49517351	-46846.08324587	-46578.03770939	-46253.61518820	-45870.49570158	-45426.14782528	-44917.16488062	-44338.83989462	-43685.16064902	-42949.31431764	-42124.16272803	-41202.91566082	-40179.73873119	-39050.38325746	-37812.75499564	-36467.50077485	-35018.44123886	-33472.78949852	-31841.13751806	-30137.21302142	-28377.35880896	-26579.83131439	-24763.91672753	-22948.82941245	-21152.72809743
5.9242817692504	-43160.28455670	-43150.81425985	-43118.60429427	-43058.65106222	-42967.02530698	-42840.42584042	-42675.71013265	-42469.96485004	-42220.59195784	-41925.16594675	-41581.01761560	-41184.73456106	-40731.84029073	-40216.69862429	-39632.81805592	-38973.17955561	-38230.77273368	-37399.02197615	-36472.31587779	-35446.54236214	-34319.62763593	-33092.03377888	-31767.12898790	-30351.41937901	-28854.59696367	-27289.28618842	-25670.68401770	-24015.87634426	-22342.90324443	-20669.79557918
6.8837556650996	-38878.37358429	-38871.10290586	-38846.42886212	-38800.80137156	-38731.63352561	-38636.69764774	-38513.72064104	-38360.36768142	-38174.34461759	-37953.32535304	-37694.76225828	-37395.47860977	-37051.39426211	-36657.47291730	-36207.84202713	-35695.99210471	-35115.15005748	-34458.58446278	-33720.00600144	-32894.00934624	-31976.51299681	-30965.26850813	-29860.28380451	-28664.20787929	-27382.55380739	-26023.81897417	-24599.38759814	-23123.19407938	-21611.05122739	-20079.83282032
7.9662310328621	-34722.38115468	-34716.93427932	-34698.50679899	-34664.68159613	-34613.87617050	-34544.67882967	-34455.54449975	-34344.67115232	-34210.15799269	-34049.95526150	-33861.76554810	-33642.78842263	-33389.52685108	-33097.66565683	-32762.12498351	-32377.17168009	-31936.63810782	-31434.12962813	-30863.28934204	-30218.11162298	-29493.31475330	-28684.73533451	-27789.77462582	-26807.77152091	-25740.43306427	-24592.11859814	-23370.06535158	-22084.37788750	-20747.70405515	-19374.68409175
9.1874762661941	-30777.32819221	-30773.34855473	-30759.93822786	-30735.52685367	-30699.19851556	-30650.19705261	-30587.49274904	-30509.77306817	-30415.52767572	-30303.06325760	-30170.44556923	-30015.33646034	-29834.85073824	-29625.47018414	-29382.99209367	-29102.60904047	-28778.99684660	-28406.45131061	-27979.02251405	-27490.74162898	-26935.84915308	-26309.10961601	-25606.15849857	-24823.88833811	-23960.87908259	-23017.81500741	-21997.91508072	-20907.20776647	-19754.56860700	-18551.49007423
10.565281216176	-27111.15092623	-27108.31232231	-27098.79820055	-27081.62102556	-27056.33710919	-27022.57745304	-26979.71364641	-26926.82981180	-26862.78590949	-26786.25405912	-26695.69430267	-26589.25658681	-26464.67235679	-26319.17120910	-26149.44498766	-25951.63293262	-25721.37870034	-25453.85921756	-25143.86815519	-24785.91849994	-24374.38862310	-23903.71720705	-23368.64629608	-22764.53696141	-22087.75148244	-21336.10422587	-20509.36470708	-19609.73598333	-18642.16337171	-17614.45750179
12.119716335660	-23769.56321896	-23767.59592365	-23761.01373230	-23749.22967714	-23732.07046419	-23709.39700783	-23680.85501478	-23645.84494188	-23603.53663113	-23552.94481939	-23492.90276251	-23422.00886825	-23338.55460377	-23240.45616510	-23125.20766211	-22989.84822106	-22830.96613566	-22644.69394407	-22426.72201665	-22172.33300189	-21876.47284816	-21533.83465822	-21138.99824044	-20686.67086552	-20171.96598595	-19590.79932810	-18940.37226464	-18219.72902673	-17430.23282077	-16575.94306197
13.873425045095	-20774.29421472	-20772.95929839	-20768.52660656	-20760.64992408	-20749.29266657	-20734.44361326	-20715.91465047	-20693.31245699	-20666.07306360	-20633.49453757	-20594.73145589	-20548.76692509	-20494.36661863	-20430.01841820	-20353.89589565	-20263.81847714	-20157.22607062	-20031.14989590	-19882.20427406	-19706.55149622	-19499.93217007	-19257.67277983	-18974.75614660	-18645.93145194	-18265.91795034	-17829.69447819	-17332.90927877	-16772.37825405	-16146.61239910	-15456.32620987
15.851953578707	-18125.25225425	-18124.37850724	-18121.47621979	-18116.35223467	-18109.02878928	-18099.53608624	-18087.78895823	-18073.52968817	-18056.39060746	-18035.88892036	-18011.43636859	-17982.32574301	-17947.68914849	-17906.46982607	-17857.37877665	-17798.86459560	-17729.07460268	-17645.81969309	-17546.54433163	-17428.28372877	-17287.63788847	-17120.75039323	-16923.31202587	-16690.60256702	-16417.59529391	-16099.14273440	-15730.26062629	-15306.52575442	-14824.54100304	-14282.45673536
18.084123115904	-15804.97995900	-15804.42515167	-15802.58877551	-15799.36095148	-15794.77482478	-15788.87308984	-15781.60317747	-15772.81624006	-15762.26572912	-15749.63500115	-15734.52799738	-15716.46462716	-15694.85310596	-15668.97312619	-15637.94195001	-15600.68228942	-15555.89427543	-15502.01658753	-15437.18851305	-15359.20870237	-15265.48227465	-15152.99357308	-15018.26287119	-14857.34470063	-14665.86325550	-14439.09719107	-14172.15120859	-13860.22387432	-13498.95321966	-13084.86929459
20.602449618728	-13784.96654103	-13784.62791678	-13783.51098992	-13781.55331139	-13778.78065231	-13775.22332281	-13770.85348032	-13765.57522378	-13759.23289051	-13751.62065132	-13742.47719881	-13731.48380642	-13718.24793035	-13702.28748928	-13683.00761495	-13659.67848642	-13631.40586511	-13597.10529171	-13555.46035066	-13504.88218908	-13443.46917074	-13368.95429719	-13278.66802204	-13169.49513937	-13037.86975318	-12879.79488613	-12690.92046450	-12466.68580642	-12202.55343827	-11894.32956868
23.443617491126	-12032.17584311	-12031.97897539	-12031.33111105	-12030.19521296	-12028.58664980	-12026.52112002	-12023.98062162	-12020.90153155	-12017.18688383	-12012.70444725	-12007.28597985	-12000.72517112	-11992.76098147	-11983.07922356	-11971.28301812	-11956.88427165	-11939.27881830	-11917.72403397	-11891.30941789	-11858.91867226	-11819.19376395	-11770.49156628	-11710.83642916	-11637.87857150	-11548.85746245	-11440.58669216	-11309.46723349	-11151.54476565	-10962.63107409	-10738.50690232
26.649013959808	-10513.00066025	-10512.89145308	-10512.53464071	-10511.90926703	-10511.01995410	-10509.87280713	-10508.45025051	-10506.71378256	-10504.60009258	-10502.02598698	-10498.88482640	-10495.04234634	-10490.33118651	-10484.54372239	-10477.42071234	-10468.63863993	-10457.79256355	-10444.38394173	-10427.79014585	-10407.24224458	-10381.79412854	-10350.28328673	-10311.29288626	-10263.10849259	-10203.67859830	-10130.57758740	-10040.98497467	-9931.694795511	-9799.148903108	-9639.541276239
30.265331961029	-9195.302456680	-9195.246769741	-9195.063557515	-9194.738411686	-9194.272908437	-9193.664251663	-9192.901931534	-9191.958540146	-9190.795358339	-9189.359586889	-9187.582997903	-9185.380602883	-9182.644896472	-9179.241557604	-9175.000241332	-9169.708556968	-9163.098836390	-9154.835996863	-9144.501674579	-9131.574456363	-9115.403834963	-9095.184900512	-9069.925972176	-9038.409435449	-8999.159025250	-8950.399204781	-8890.021366222	-8815.567669226	-8724.229090524	-8612.906463268
34.345250315507	-8055.784455194	-8055.757620204	-8055.667344839	-8055.506952625	-8055.273586216	-8054.962503827	-8054.564759263	-8054.062440295	-8053.430729662	-8052.635975912	-8051.635434769	-8050.374379184	-8048.784589552	-8046.778572210	-8044.246064182	-8041.047996442	-8037.008127854	-8031.904754626	-8025.457704483	-8017.318093712	-8007.044580650	-7994.088120627	-7977.765718264	-7957.231689907	-7931.447185061	-7899.145343859	-7858.797856953	-7808.588137035	-7746.388411033	-7669.768307544
38.948201099587	-7070.980985978	-7070.968333445	-7070.926062335	-7070.849464078	-7070.735205131	-7070.579123846	-7070.373093565	-7070.105924280	-7069.761721269	-7069.318164322	-7068.748331744	-7068.017163041	-7067.080040508	-7065.880476564	-7064.346441284	-7062.386249030	-7059.884316688	-7056.693469360	-7052.627685094	-7047.452228181	-7040.870915495	-7032.511803415	-7021.908768811	-7008.480224120	-6991.504262292	-6970.089961724	-6943.149635764	-6909.363211184	-6867.154443267	-6814.669389487
44.141235390927	-6216.907655802	-6216.901582802	-6216.881666638	-6216.844861877	-6216.788894047	-6216.708905146	-6216.599906126	-6216.453948949	-6216.260221742	-6216.005298592	-6215.671315824	-6215.235360854	-6214.668360622	-6213.933173771	-6212.982273325	-6211.755615382	-6210.176138572	-6208.146092490	-6205.541333114	-6202.204477293	-6197.936263718	-6192.485061019	-6185.533872184	-6176.684636493	-6165.439587862	-6151.178848547	-6133.136564934	-6110.372846945	-6081.745682971	-6045.883386227
50.000000000000	-5473.498093021	-5473.495713074	-5473.487464804	-5473.471300913	-5473.444916964	-5473.405394028	-5473.348602373	-5473.269210869	-5473.160131600	-5473.012331449	-5472.814116640	-5472.550369596	-5472.202150153	-5471.744688090	-5471.146492852	-5470.367326346	-5469.355803385	-5468.046453975	-5466.355906045	-5464.178138555	-5461.378563688	-5457.786637580	-5453.186618801	-5447.306415844	-5439.803857259	-5430.250442457	-5418.111140845	-5402.724873725	-5383.276920674	-5358.775631862

#dPhi/dR
0	#m
#R(row)\z(col)	0.0000000000000	0.0400000000000	0.0851278715323	0.1360409912583	0.1934810094158	0.2582846534215	0.3313959164593	0.4138798086078	0.5069378708168	0.6119256777272	0.7303725842950	0.8640040038698	1.0147665422511	1.1848563538501	1.3767511330199	1.5932462065724	1.8374952532388	2.1130562432351	2.4239432671319	2.7746850090189	3.1703907157414	3.6168246231808	4.1204899237456	4.6887234982251	5.3298027919616	6.0530663922058	6.8690500631014	7.7896402199175	8.8282470781853	10.000000000000
0.0000000000000	-0.000000000000	-0.000000000000	-0.000000000000	-0.000000000000	-0.000000000000	-0.000000000000	-0.000000000000	-0.000000000000	-0.000000000000	-0.000000000000	-0.000000000000	-0.000000000000	-0.000000000000	-0.000000000000	-0.000000000000	-0.000000000000	-0.000000000000	-0.000000000000	-0.000000000000	-0.000000000000	-0.000000000000	-0.000000000000	-0.000000000000	-0.000000000000	-0.000000000000	-0.000000000000	-0.000000000000	-0.000000000000	-0.000000000000	-0.000000000000
0.2000000000000	1441.5140267659	1427.2577854585	1388.2434108762	1347.2687373172	1326.7465843800	1318.9723880116	1302.8462992494	1261.9008644126	1188.6004195751	1086.3297720702	967.30098341798	846.44176204455	733.60559316808	633.30827688126	545.73703801784	469.04081985126	401.63470660134	342.18990305665	289.43123960244	242.46079100828	201.37673557390	166.50374119790	137.10368000001	111.54902590203	89.526796930619	71.075594099099	56.036842192799	43.835422778955	33.918027695619	25.919799622529
0.4256393576616	3181.0536529217	3168.1564072408	3125.0771257736	3049.6198961341	2945.8052313654	2821.9957484075	2682.9828780742	2526.5897406176	2348.6430627651	2148.7692872155	1934.0509955840	1716.5095534559	1507.3575559552	1314.2123229101	1139.8628694601	983.74020417700	844.43124522279	720.45014626724	610.46775076972	513.39839345967	428.28533012136	354.27448069329	290.44443121967	235.88134815345	189.65792591669	151.01611319361	119.13114047925	93.125993244348	72.037230910417	55.102601779980
0.6802049562913	4613.3109256373	4599.3348035534	4551.6529223784	4463.2924052832	4331.2509087531	4157.1301904276	3946.2257749307	3705.1226693826	3440.2153044870	3157.4807458572	2864.5610334765	2570.3152203731	2283.7303032427	2012.0888981201	1759.7286727947	1528.3439101500	1318.1785294048	1128.7570182040	959.27873326262	808.74778294888	676.12009902301	560.26909807976	460.01412527093	374.08562276620	301.19525726440	240.14479809000	189.63613953394	148.31416718183	114.82095451349	87.855808753549
0.9674050470790	5638.6530114953	5625.3108646629	5579.3649962505	5492.3133517328	5357.9918104830	5174.3344372674	4943.8201305389	4672.6487322177	4369.5017672628	4043.8086810200	3704.7862019622	3361.0513701730	3020.5924073967	2690.2898457747	2375.5873066359	2080.1731841922	1806.4228231636	1555.6109718302	1328.2458445101	1124.2466664592	943.07190924225	783.71839338511	645.05189762338	525.68116475291	424.11173087798	338.75504937971	267.89786975063	209.74800487894	162.50469896738	124.46863102169
1.2914232671074	6317.9061352806	6305.9211968548	6264.2184385734	6184.3847284467	6059.4401685123	5885.3431267411	5662.3022219767	5394.6077894215	5089.7805015340	4756.9201129519	4404.6839733220	4041.1739165725	3673.7770370567	3309.0359380999	2952.9989205650	2610.8271531066	2286.7714485286	1984.1162195642	1705.1644555995	1451.3807290804	1223.3527835143	1020.9086473656	843.33532851151	689.47548547945	557.85107123008	446.67850170457	353.97422002492	277.60998937306	215.39802824966	165.17601285352
1.6569795822967	6714.1382386903	6703.7180894701	6667.2774948313	6596.9886570435	6485.7856956183	6329.1423893665	6125.8808248488	5878.6055922235	5592.8612524048	5275.8614049408	4934.8865529344	4576.6862201394	4207.3475992773	3832.5613133887	3458.1452666227	3089.8382383780	2733.1395727936	2392.9406235247	2073.3861649814	1777.6813449005	1508.0453908350	1265.6197630275	1050.6959774073	862.79375530091	700.77984141377	563.01056389799	447.44805817051	351.77712157049	273.50022691908	210.10219443316
2.0693990430390	6877.6441788133	6868.7012431473	6837.4958798388	6777.0101772513	6680.7179047817	6544.1198109953	6365.3700899932	6145.8272873966	5889.2569499824	5601.0228968164	5286.5930923397	4951.0370907075	4598.9259464396	4234.6122782928	3862.9568038727	3489.2937780816	3119.3548022673	2758.8684129304	2413.2641846366	2087.3213945195	1784.9198317548	1508.8189097019	1260.7130683550	1041.2131702680	849.99836014152	685.94929513842	547.27423824866	431.68847902175	336.59012302614	259.19921126493
2.5346893540841	6847.6522949093	6840.0943351892	6813.6907556447	6762.4585934244	6680.6772289626	6564.1438934924	6410.8674425126	6221.3266447852	5997.9325272822	5744.3710026796	5464.5047227515	5161.9048041611	4839.6187807914	4500.6368939988	4148.5177620287	3787.5242115939	3422.7409444479	3059.7766589211	2704.5171682551	2362.6508495243	2039.3660299188	1738.9300469158	1464.5871655643	1218.3466068956	1001.0605392913	812.51101657198	651.52494920546	516.20063713384	404.02664487969	312.16669830326
3.0596283886361	6655.5008970247	6649.1582639262	6627.0745516404	6584.2428655200	6515.8703405057	6418.3573535109	6289.7119193751	6129.8282349297	5940.1334691349	5723.0126040462	5481.0193074420	5216.4175501399	4931.1028893392	4626.8436601442	4305.8927564356	3971.2505176834	3626.8512218068	3277.4991424985	2928.6509834018	2586.1042238857	2255.6404511123	1942.6037792363	1651.5142497018	1385.8280995821	1147.7730676854	938.31091425319	757.24994082407	603.37397393364	474.62006395593	368.32103406489
3.6518629214750	6329.5322191003	6324.2989276480	6306.0415492232	6270.7321776251	6214.4828648785	6134.2825053969	6028.3478124825	5896.1917692717	5738.5916732405	5557.0300485828	5353.0549550746	5127.9154911815	4882.5823130385	4617.9057654139	4335.0939726273	4035.9268667519	3723.0727024339	3400.1314816143	3071.5817493726	2742.6538111978	2418.9537538174	2106.1784671826	1809.6334911230	1533.8775952222	1282.4269480561	1057.5600734561	860.27332053907	690.35183387374	546.48185017801	426.48047654824
4.3200200193490	5892.7808710000	5888.5215800317	5873.7042184499	5845.1058901388	5799.7190473960	5735.1393481163	5649.7603882560	5543.0111241705	5415.1706374456	5267.0416600907	5099.4471324198	4912.9660953225	4707.9323021830	4484.5116030200	4243.0938392793	3984.5009930791	3710.2348937350	3422.6859101268	3125.1297405004	2821.7470376510	2517.4273543991	2217.4804187603	1927.3495610460	1652.1466554000	1396.3180282705	1163.2968647451	955.30615025291	773.29460759595	616.96189178333	484.90480180040
5.0738327112556	5367.2528537847	5363.8531542888	5352.0807306370	5329.4959447657	5293.8153043763	5243.1544134065	5176.2371006512	5092.4311971824	4991.6699561091	4874.2278409429	4740.4752992371	4590.5705785233	4424.3859507695	4241.6464231590	4042.1792519778	3826.0476964108	3593.9073238703	3347.0652338716	3087.6457123026	2818.6057700383	2543.7460526041	2267.5546990430	1994.9833412961	1731.0918320181	1480.6937226535	1247.9931479164	1036.2256446679	847.47883555182	682.61875324861	541.20350897287
5.9242817692504	4778.1821201501	4775.5568167680	4766.4922226724	4749.1935219883	4722.0113646178	4683.6066575060	4632.9213354176	4569.3385939494	4492.5950438039	4402.6616210898	4299.5446167925	4183.1071040703	4053.0022032579	3908.6595597033	3749.5491231363	3575.2958801638	3385.8680036741	3181.7650400606	2964.0991989133	2734.7261325176	2496.2569232181	2252.1144595519	2006.3387373125	1763.4171697230	1527.9774558313	1304.4421533118	1096.6787322025	907.68315588639	739.34096947410	592.33818170697
6.8837556650996	4157.2998483446	4155.3361569984	4148.5693259042	4135.7469270969	4115.7325143007	4087.5881527662	4050.5371847595	4004.0143350150	3947.6632835958	3881.3054320103	3804.7271488420	3717.6310433362	3619.5131120582	3509.7160505283	3387.5258658036	3252.3055283488	3103.5993824480	2941.3134992217	2765.7942442350	2577.9675248551	2379.3953288162	2172.3728448540	1959.8608169684	1745.4364391805	1533.0792343327	1326.9228627904	1130.9596192692	948.66587131470	782.72892050232	634.82630528301
7.9662310328621	3536.3192010673	3534.8988493974	3529.9988349822	3520.7953360673	3506.5515677022	3486.6334622663	3460.5035368886	3427.7044593957	3387.8985284195	3340.8044635069	3286.1354465452	3223.5092725075	3152.4071969541	3072.1584104580	2982.0122938752	2881.2167455833	2769.1213191506	2645.2567619432	2509.4575902326	2361.9418681655	2203.4335329292	2035.2317157670	1859.2326615078	1677.9789046660	1494.5283306497	1312.3363214017	1135.0292068580	966.11318599627	808.67397723689	665.08702021992
9.1874762661941	2942.9925678590	2941.9893784584	2938.5633656345	2932.1832232168	2922.3987614573	2908.8267983231	2891.1039056769	2868.8958577466	2841.8958678243	2809.8263024492	2772.3866754105	2729.2036449700	2679.7916400931	2623.5449169268	2559.7703946936	2487.7427374465	2406.7409301806	2316.1348357018	2215.4622241727	2104.5016237253	1983.3645577234	1852.5707420260	1713.1309238177	1566.5879654942	1415.0211255671	1260.9888163025	1107.4204087971	957.42652670409	814.03726565995	679.95074109396
10.565281216176	2399.4980327352	2398.8151544925	2396.5003137869	2392.2203905569	2385.7380273512	2376.8393433067	2365.2958339268	2350.8699102576	2333.3217392110	2312.4009266449	2287.8420101916	2259.3273477794	2226.4451849060	2188.6967821735	2145.4979300821	2096.2101693505	2040.1641170959	1976.7207779529	1905.2984531800	1825.4457526008	1736.9045571709	1639.6844417431	1534.1080506003	1420.9270273955	1301.3152039225	1176.9159546364	1049.8010064980	922.40900703499	797.36192460444	677.25209045519
12.119716335660	1921.2722408885	1920.8200222280	1919.2965164920	1916.5152566004	1912.3470654140	1906.7006432112	1899.4373121898	1890.4058697213	1879.4270923291	1866.3122453570	1850.8490803437	1832.7812833156	1811.7961016129	1787.5063504054	1759.4624152409	1727.1508038452	1690.0173891476	1647.4920211577	1599.0155370859	1544.0653853190	1482.2102062040	1413.1634515665	1336.8304886813	1253.3682750721	1163.2671012925	1067.3720984528	966.93087980870	863.59077446598	759.34638403290	656.38299655513
13.873425045095	1515.0025183741	1514.7127997053	1513.7410936980	1511.9825343591	1509.3916469026	1505.9240850827	1501.5134599168	1496.0654799207	1489.4558746936	1481.5532651287	1472.1956066778	1461.2005082068	1448.3390693663	1433.3352272428	1415.8641428526	1395.5425898065	1371.9548367879	1344.6388464566	1313.1298852730	1276.9211516444	1235.5783055111	1188.6905905548	1135.9374542885	1077.1445938572	1012.3245602251	941.74937011954	865.98726133844	785.96532938899	702.97590978240	618.62576013111
15.851953578707	1181.1854349169	1181.0028247248	1180.3935334710	1179.3069482872	1177.7243563799	1175.6388603686	1173.0204179849	1169.8073145250	1165.9300178014	1161.2955415576	1155.8006726633	1149.3153204954	1141.6883640976	1132.7361476486	1122.2292343463	1109.9084878090	1095.4753898998	1078.5954146609	1058.8965117004	1035.9894065210	1009.4670902673	978.92862775050	943.98995349552	904.32488442247	859.69532595598	810.01011039726	755.37940693622	696.17131684016	633.06328751270	567.05438023220
18.084123115904	913.53679462000	913.42656681619	913.05955135988	912.40806953018	911.47195509287	910.25663115700	908.74597007510	906.91039313864	904.70490805686	902.07353710813	898.94542645992	895.23863836570	890.85670326764	885.68095441019	879.56043609271	872.33507640419	863.78382476212	853.69204636987	841.79446528618	827.79604945529	811.38160183310	792.21211756827	769.92705790938	744.18140461651	714.65049397473	681.07553772546	643.30363863099	601.34612959656	555.42621593721	506.02858034962
20.602449618728	703.59571275459	703.52965687716	703.31256454848	702.93140463466	702.38845912160	701.68951546580	700.83003188949	699.79294851256	698.55325000567	697.07482152168	695.31674475626	693.23133856187	690.75497888508	687.81647394392	684.32103566105	680.15612782826	675.22093142995	669.33312404210	662.32930951410	654.00466324002	644.13093461860	632.44419354353	618.66471033848	602.48605981848	583.59901541661	561.70524803573	536.54854468887	507.95563739469	475.87435967384	440.43408688746
23.443617491126	540.58606445799	540.53975662665	540.41834135026	540.20426522092	539.90336435682	539.51782885409	539.04712641240	538.48140409483	537.80734486299	537.00102761976	536.04512103414	534.90030001189	533.53925502115	531.91427170722	529.96699262828	527.63539578945	524.83871434338	521.48043783182	517.44838532219	512.60738985844	506.80040226248	499.84537368162	491.53369719490	481.63013036995	469.88108323036	456.02097817271	439.79014450463	420.95389298070	399.33137880825	374.85238172032
26.649013959808	415.35817347625	415.33871250133	415.27358420681	415.15921313541	414.99787299041	414.79153243794	414.54066669487	414.23921896653	413.87945082709	413.44915645211	412.93585686358	412.32036134082	411.58232143443	410.69451984086	409.62544647468	408.33484125986	406.77494517289	404.88656571393	402.59878747470	399.82505456737	396.46324840557	392.39081500319	387.46362557916	381.51571247400	374.35889823138	365.78286334001	355.56630180543	343.48446941065	329.33133192982	312.94319058054
30.265331961029	319.42769122280	319.41786153788	319.38553353965	319.32730132176	319.24492130152	319.13934565898	319.01149198148	318.85580855721	318.66898789651	318.44447557158	318.17367233643	317.84690687466	317.45161170263	316.97276048961	316.39153079795	315.68493621240	314.82356574528	313.77234201169	312.48730218879	310.91613448638	308.99302870967	306.63938658060	303.76132337986	300.24502544482	295.95885597858	290.75069939904	284.44994519982	276.86993048276	267.80834700598	257.03232693270
34.345250315507	244.23757638519	244.23293936218	244.21765801481	244.19105034894	244.15329700126	244.10449873090	244.04379311585	243.97009378472	243.88125461674	243.77294259714	243.64121998907	243.48020604883	243.28315194392	243.04119696197	242.74343940317	242.37625832378	241.92267718976	241.36149492452	240.66643927473	239.80509252907	238.73729709754	237.41391661532	235.77512207832	233.74869671050	231.24849270801	228.17326270402	224.40637056233	219.81739952052	214.26606871244	207.61093370200
38.948201099587	187.42802611389	187.42608836071	187.41959267059	187.40810422870	187.39154291714	187.36937219289	187.34190045678	187.30796409271	187.26602382651	187.21397440171	187.14961816846	187.06976418147	186.97046922466	186.84679093291	186.69250859624	186.49980277661	186.25880680935	185.95721610686	185.57956792840	185.10661055081	184.51425435054	183.77279620753	182.84554600756	181.68759950288	180.24448752376	178.45089330378	176.22976107087	173.49179735773	170.13640919747	166.05422129817
44.141235390927	144.33808738957	144.33738081987	144.33472829322	144.32997149159	144.32309504427	144.31367704914	144.30161775810	144.28627869413	144.26683012110	144.24220590909	144.21104580609	144.17160052082	144.12163318788	144.05834811726	143.97820683509	143.87662537530	143.74796718995	143.58503826092	143.37877894347	143.11779704448	142.78781598939	142.37099963244	141.84514930681	141.18279164803	140.35019959142	139.30611400047	138.00102415044	136.37603244567	134.36248589034	131.88229750779
50.000000000000	111.66875326765	111.66589305769	111.65683652519	111.64260957278	111.62567774985	111.60828873967	111.59103057192	111.57379646107	111.55578205083	111.53612561190	111.51374260042	111.48749459988	111.45600815446	111.41761359330	111.37021261742	111.31118244479	111.23718778412	111.14402529156	111.02639029192	110.87756151785	110.68906432458	110.45025643137	110.14778993126	109.76500237145	109.28119029748	108.67081078515	107.90259522507	106.93874434047	105.73409795600	104.23572988916

#dPhi/dz
0	#m
#R(row)\z(col)	0.0000000000000	0.0400000000000	0.0851278715323	0.1360409912583	0.1934810094158	0.2582846534215	0.3313959164593	0.4138798086078	0.5069378708168	0.6119256777272	0.7303725842950	0.8640040038698	1.0147665422511	1.1848563538501	1.3767511330199	1.5932462065724	1.8374952532388	2.1130562432351	2.4239432671319	2.7746850090189	3.1703907157414	3.6168246231808	4.1204899237456	4.6887234982251	5.3298027919616	6.0530663922058	6.8690500631014	7.7896402199175	8.8282470781853	10.000000000000
0.0000000000000	-0.000000000000	2659.0958751004	5270.4806438185	7729.0331193067	9924.9918443966	11750.736273249	13120.954894628	13989.026403071	14360.505634839	14295.692784312	13894.126845154	13271.174328848	12531.974196618	11742.215250838	10941.604870368	10144.000537726	9355.2032854622	8578.6923245777	7817.8455917088	7076.5701106036	6359.6566208976	5672.8833749855	5022.0461757857	4411.8705331093	3845.9137550087	3327.2775934973	2857.8390119119	2438.2418510246	2067.7996696533	1744.4307032852
0.2000000000000	-0.000000000000	2557.5235170334	5221.9156856211	7760.7262307646	9990.9438613673	11794.456905560	13113.088659471	13927.989700479	14263.559267635	14184.910018077	13789.379596393	13183.051589597	12462.718538767	11689.422577978	10900.868462615	10112.562668809	9330.7409747477	8559.5424049788	7802.7128833034	7064.6631145003	6350.5857901247	5666.1431978851	5016.9265184992	4407.9433062967	3842.9363728000	3325.1109129408	2856.2773297915	2437.1162992015	2066.9945935720	1743.8570607789
0.4256393576616	-0.000000000000	2415.4519518190	4974.0194024028	7481.5112904402	9729.4556841631	11551.049886045	12860.222523138	13642.495495139	13945.780789465	13855.831505940	13479.784438426	12914.101711323	12241.841162638	11514.038841846	10762.962779964	10004.225195630	9245.6614950247	8492.6989948653	7750.2636486899	7023.7059790688	6319.0062216045	5642.0801998589	4998.6824007763	4394.0728817979	3832.5655012404	3317.4963048160	2850.7538162759	2433.1437299221	2064.1486785775	1741.8358222968
0.6802049562913	-0.000000000000	2242.1944996505	4629.8298374151	6996.4114132796	9151.2850682868	10928.249806538	12226.195731926	13015.593629395	13336.955020576	13279.459737391	12954.527221777	12454.715068175	11854.610719267	11196.585212342	10506.623284852	9798.9697283683	9082.2410126801	8363.2855857712	7648.3581845531	6944.0287487118	6257.1931519990	5594.5591713040	4962.4530424533	4366.7127083868	3812.1380910873	3302.4467207687	2839.8108818087	2425.2442941948	2058.5007484955	1737.8278911502
0.9674050470790	-0.000000000000	2046.6345102267	4230.8048808251	6406.3996461790	8405.4512053931	10077.782820197	11325.217864983	12111.677490214	12465.916360818	12467.258129878	12218.628813718	11805.886456425	11296.730732359	10727.061174742	10117.735825118	9480.9066761769	8824.8147288592	8156.8736418641	7484.3210530997	6814.8215219000	6156.3431682501	5516.6125739755	4902.7857580484	4321.5419316793	3778.3375273355	3277.4720725371	2821.5717367308	2412.0695036571	2049.0669604208	1731.1211008808
1.2914232671074	-0.000000000000	1841.7714814111	3808.2611634333	5770.7432532432	7583.0527502688	9114.4299864170	10277.617198549	11037.335791036	11414.160925689	11474.507673060	11307.614750232	10989.266294745	10579.477309484	10108.497760120	9592.9021506490	9042.0485702321	8462.6512417390	7861.6418029238	7246.5199628565	6625.4882064622	6007.2616255365	5400.4800339238	4813.3912663842	4253.5352953234	3727.2410496254	3239.5571332696	2793.7891023441	2391.9360874970	2034.6154895967	1720.8375114622
1.6569795822967	-0.000000000000	1637.1426968482	3383.0316545007	5124.3117422484	6735.2319136310	8105.5926520286	9162.3636657712	9874.5530155501	10257.025473952	10364.266714259	10270.987394531	10042.246279372	9729.6715050097	9358.3539364371	8941.1744243421	8484.4618555326	7992.6515738383	7471.2087764028	6926.7556229142	6367.1567863185	5801.4065090322	5238.5318338429	4687.6480955124	4157.1854639065	3654.3916517180	3185.1930206385	2753.7681784995	2362.8161796342	2013.6560474188	1705.8807539654
2.0693990430390	-0.000000000000	1438.0790774053	2967.6037894608	4487.7695544634	5892.7871876972	7093.6709609168	8031.6223348794	8681.1545724975	9053.3694607489	9192.1331516792	9159.0228467663	9008.2430056535	8783.2630171126	8504.7815270721	8182.6948173287	7820.7997961241	7420.9223051938	6986.4039640684	6522.1127488497	6034.7134885786	5532.3864663135	5024.1215413635	4519.2935213615	4026.9236523254	3555.0700627710	3110.5579178881	2698.4519277609	2322.3598854750	1984.3957285398	1684.9318758652
2.5346893540841	-0.000000000000	1247.2343503788	2568.3633925883	3873.6822413616	5076.1620457910	6106.4634835130	6920.2393269040	7497.5954941420	7846.9751821190	8003.1564650102	8015.6137149623	7928.6852214711	7778.2112487048	7581.2272654115	7345.4267252323	7072.5440274752	6762.4385845126	6416.1751370524	6036.4695841316	5628.0437461162	5197.5495957096	4753.0308899082	4303.4375976380	3857.8257788191	3424.7387571723	3011.6775643158	2624.5592582977	2267.9354457390	1944.8160487084	1656.4406444878
3.0596283886361	-0.000000000000	1066.1185404696	2189.3581237861	3290.3285639234	4299.0308136496	5164.1640375829	5854.1188123706	6354.5587618726	6671.9961016837	6833.4547578096	6877.8625582635	6840.6243153368	6750.6733715402	6621.9270890900	6460.4284047869	6266.6462618597	6039.0563749696	5776.9019943968	5480.8168051054	5153.3567339773	4799.1955761929	4424.7058456429	4037.6734079929	3646.5315759330	3259.6893801823	2884.9557650073	2528.8867012254	2196.8173515222	1892.6851215561	1618.6524669414
3.6518629214750	-0.000000000000	896.00323289516	1833.9276391920	2744.2188283676	3571.9494954732	4281.4479794702	4852.2199309266	5274.9665976695	5554.8222265636	5712.1876146636	5776.7804074497	5776.1886617634	5733.3145980095	5659.3894077836	5559.1878465717	5432.4189169307	5276.8194156007	5090.4514659351	4872.3048765267	4623.0397992386	4345.2745775539	4043.3173793582	3723.2582688701	3392.2292909026	3057.8882271606	2727.7813492902	2408.6744467848	2106.4393717603	1825.7841210530	1569.7410969803
4.3200200193490	-0.000000000000	738.35757473544	1505.5443499582	2241.3699460439	2903.8309292453	3470.3696395570	3929.7244015624	4277.1660678355	4516.8405635870	4663.3632542740	4738.4472646569	4763.0985898881	4755.1544198855	4723.4666489915	4671.7017624964	4599.2007293874	4503.4305671880	4381.8823429140	4232.5751033894	4054.7358839581	3849.0943193739	3618.0640318628	3365.7491379373	3097.5631788968	2819.8265631992	2539.2367538445	2262.2365742491	1994.8160385011	1742.1214931791	1507.9459557433
5.0738327112556	-0.000000000000	595.13144385554	1208.2839617810	1788.2098597490	2303.8052084858	2742.8314712551	3101.5032106496	3378.5662412723	3577.3934737488	3708.0510374230	3785.8369038860	3826.1341527510	3842.3850447781	3841.3257831637	3825.7628083296	3794.9290459484	3746.3885252595	3677.4716428356	3585.7817215239	3469.5893860219	3328.3379423146	3162.7906098181	2975.2026964627	2769.1281370353	2549.2195298076	2320.8451300194	2089.5830277687	1861.0196563350	1640.3507454684	1431.7924205707
5.9242817692504	-0.000000000000	468.44417890423	946.45623847472	1391.1878942092	1780.4938577395	2109.8430088973	2380.6540132169	2594.2337362129	2753.4216776756	2864.9680824794	2939.2695888726	2987.0753204284	3018.0466764169	3037.1468292787	3046.4931181312	3045.3786304079	3031.6984380847	3002.9336804835	2956.5644110692	2890.5056417498	2803.3925269174	2694.8058301040	2565.5161652957	2417.3647380463	2253.2780005994	2077.0451309715	1892.9750185351	1705.7701543009	1520.1746147997	1340.4435644161
6.8837556650996	-0.000000000000	359.80186709771	723.04606281797	1054.6073244958	1339.3920006435	1578.0489746578	1775.1741741848	1933.6923252191	2056.2458601558	2147.3293356620	2213.6273343411	2262.3251664339	2300.0029689310	2330.2178031490	2354.5380340910	2372.3812878243	2382.0380521439	2381.3621117142	2368.0356650887	2339.9388726866	2295.3684942194	2233.2167719948	2153.1850726278	2055.7866809658	1942.4185075634	1815.2897407727	1677.2587506858	1531.8036297146	1382.7954990216	1234.0812074818
7.9662310328621	-0.000000000000	269.43528996677	538.28422800847	778.39984503601	979.88878949750	1146.4916294731	1284.4141231125	1397.4718116278	1488.1162132036	1559.2742615753	1615.0165748017	1659.9002201488	1698.2276147171	1732.4223999624	1763.6173271967	1791.3978103909	1814.4674795422	1831.1378256246	1839.4872407194	1837.6254980824	1823.8428588126	1796.7569837633	1755.4562952705	1699.5696109654	1629.3232427288	1545.5786108729	1449.7839579350	1344.0854624618	1231.2116197164	1114.2315273467
9.1874762661941	-0.000000000000	196.63197813779	390.39731351015	559.31905327877	697.10187927680	808.92466418351	901.50280040972	978.87991550849	1043.2254921242	1096.3978773470	1140.7794368598	1179.1001483557	1214.0214359594	1247.1411635428	1279.2470957794	1310.0746050493	1338.7280505223	1363.9834596769	1384.3874816813	1398.4193226251	1404.6020228602	1401.5798447077	1388.2272577918	1363.6846107883	1327.4386664055	1279.3675477104	1219.7751095786	1149.5604540446	1070.2638165506	983.94789861459
10.565281216176	-0.000000000000	139.86383159989	275.93152074962	391.49497979987	482.71293967147	554.94946243903	614.54513607484	665.31372720523	709.10069582103	747.11189031123	780.68018217651	811.34561837249	840.65946299180	869.62981645755	898.78117927217	927.98785786317	956.69183644370	984.08611414062	1009.1686675071	1030.8325090439	1047.9449947726	1059.3674627238	1064.0331076042	1060.9312692459	1049.1947291631	1028.1139138348	997.21637180046	956.44415272527	906.27591491161	847.73938311114
12.119716335660	-0.000000000000	96.970455524652	190.13957291049	267.19009735817	325.84441180469	370.91518448414	407.80452595824	439.78329265640	468.39166176145	494.44058262068	518.63819200023	541.81969168529	564.83959034661	588.29395878902	612.53226266268	637.52772148212	662.97591717460	688.40932405918	713.18966636741	736.61351606900	757.89318645860	776.19317177172	790.64484106976	800.32743886812	804.30659996383	801.64030960487	791.46277360429	773.11368074576	746.30532479686	711.18233700811
13.873425045095	-0.000000000000	65.430511434522	127.59961307329	177.73074310832	214.50314224633	241.80948869109	263.90383766386	283.38367821291	301.45952373209	318.68134001731	335.43714400607	352.15120675714	369.27514908296	387.15189074986	406.01723807962	425.88792790417	446.64337473070	468.04416693621	489.74893403062	511.35941924017	532.38249020723	552.28106416559	570.43651109766	586.12987146054	598.54674351325	606.77601065413	609.85948634206	606.88927587646	597.14069630027	580.18066463851
15.851953578707	-0.000000000000	42.857746166322	83.219753596391	115.08714576395	137.68208617598	153.89717278824	166.85131598816	178.46018767117	189.62079639081	200.71411457523	211.95736585482	223.56871917767	235.77978945704	248.78542408715	262.73826157840	277.69232869817	293.61884809030	310.42978919559	327.98159345586	346.07092416355	364.44546680495	382.79889533720	400.74130869792	417.77988260052	433.30940064639	446.58351625555	456.76297815827	462.94706236534	464.28910933105	460.06278766963
18.084123115904	-0.000000000000	27.114528577754	52.500163231438	72.253021083648	85.905920818009	95.441164428655	102.99027132572	109.87745892632	116.72288244636	123.78835610412	131.20337563633	139.08154528877	147.54446983852	156.70343603872	166.65959154401	177.47638213782	189.17606581804	201.75115607330	215.16125615275	229.33934868022	244.17483986527	259.53017685884	275.18620455102	290.84835054362	306.11212378949	320.46091784508	333.25357061878	343.75913076758	351.19740921809	354.79518088541
20.602449618728	-0.000000000000	16.460043775880	31.836554078022	43.718869910682	51.834697138142	57.433013216049	61.872291614459	66.006279748502	70.242014171594	74.747180917253	79.609172092431	84.890188266906	90.658804325487	96.982020151863	103.92819101086	111.54951947977	119.89899676360	128.99422410093	138.85190542487	149.46839408710	160.81941211867	172.86032626487	185.49076210250	198.55655728926	211.82376919130	224.97311007174	237.57933800152	249.11639921817	258.98085778042	266.50375556690
23.443617491126	-0.000000000000	9.5199641084050	18.426973481855	25.330778514649	30.063134276291	33.360228540571	36.023969572049	38.567257801380	41.236664638384	44.144236353008	47.335003378504	50.872897409024	54.757872139776	59.074696871011	63.855341511791	69.145092675714	74.988002283605	81.422196306595	88.477249178061	96.177971771165	104.54239414802	113.56679984074	123.22513557663	133.44846269404	144.12337044870	155.07847540293	166.05930622637	176.73275307550	186.68941076813	195.42549795619
26.649013959808	-0.000000000000	5.2061722881548	10.105698917250	13.953034405541	16.652579955281	18.600522630832	20.235933422288	21.843337240854	23.564164934812	25.463590511809	27.576543312085	29.934873417133	32.557679996403	35.484759158547	38.745716308206	42.377850680555	46.413297489960	50.890609010850	55.842897436484	61.299238551742	67.293023591053	73.836690020669	80.940334804356	88.587495215796	96.733557881931	105.29759504615	114.15103267533	123.10378904755	131.90811264558	140.23620046728
30.265331961029	-0.000000000000	2.6727018693464	5.2143648300557	7.2582596248423	8.7544439684208	9.8977879333483	10.909715965117	11.936626834814	13.054073912251	14.299087215037	15.696266013403	17.264658969719	19.024416868358	20.997375677247	23.207169851861	25.679531826486	28.441766587869	31.522246402913	34.949916401891	38.753872564483	42.962464611017	47.598061955653	52.678981121111	58.212506172767	64.189193887609	70.579795156589	77.323935741796	84.321749994175	91.423627757200	98.389485025173
34.345250315507	-0.000000000000	1.2983726078325	2.5547578564061	3.6054345382814	4.4278729768374	5.1081053848927	5.7489470152418	6.4191998172305	7.1571948798620	7.9830911301059	8.9117559434756	9.9568836168390	11.132440330048	12.453966409268	13.938519347094	15.604739239796	17.472766399837	19.564173121255	21.901679995071	24.508815136107	27.409027301640	30.624791746794	34.175997055425	38.077718977413	42.337270920063	46.950135347441	51.894657614621	57.125747339924	62.567129486879	68.104214999481
38.948201099587	-0.000000000000	0.6052439570539	1.2060423686418	1.7386408633692	2.1925088024755	2.6037673689162	3.0148291935093	3.4574089048753	3.9487559188982	4.5006232732539	5.1217138433482	5.8212557383355	6.6088936638576	7.4953564679520	8.4925061956409	9.6134410253862	10.872520337339	12.285352717315	13.868750543770	15.640615140194	17.619354881158	19.823895763996	22.272517636362	24.981845396437	27.965204588116	31.230395431330	34.776700447504	38.591027480743	42.643089452329	46.880054138854
44.141235390927	-0.000000000000	0.2811660310992	0.5698623558132	0.8443087376217	1.1015389025166	1.3550990489000	1.6225253973040	1.9156467996480	2.2436271831343	2.6126657235267	3.0283911898821	3.4969270967010	4.0248327033387	4.6194690478311	5.2890696782519	6.0426170586397	6.8902474298803	7.8430157024463	8.9129962527292	10.113202175141	11.457660087671	12.960933178451	14.637979346082	16.503539910343	18.571354324836	20.852834582114	23.355590454350	26.081047017734	29.021550725098	32.156710446631
50.000000000000	-0.000000000000	0.1177162228385	0.2462154535877	0.3831858837097	0.5294445797549	0.6883669264515	0.8644016664788	1.0613862498838	1.2831094716827	1.5327614976028	1.8140805318985	2.1310892594244	2.4882705498439	2.8906484857942	3.3438298798895	3.8540853497857	4.4283824901376	5.0744288219794	5.8007428099106	6.6166325690732	7.5321865193084	8.5582280279443	9.7061641101679	10.987768428468	12.414756790997	13.998203231142	15.747638122693	17.669843919222	19.767130792963	22.035118198551
