CylSpline
30	#size_R
30	#size_z
0	#m_max
#Phi
0	#m
#R(row)\z(col)	0.0000000000000	0.0400000000000	0.0851278715323	0.1360409912583	0.1934810094158	0.2582846534215	0.3313959164593	0.4138798086078	0.5069378708168	0.6119256777272	0.7303725842950	0.8640040038698	1.0147665422511	1.1848563538501	1.3767511330199	1.5932462065724	1.8374952532388	2.1130562432351	2.4239432671319	2.7746850090189	3.1703907157414	3.6168246231808	4.1204899237456	4.6887234982251	5.3298027919616	6.0530663922058	6.8690500631014	7.7896402199175	8.8282470781853	1.00000000000e1
0.0000000000000	-212.1059024738	-208.7411925879	-199.7136394542	-187.7376312209	-174.8029864074	-161.6175273713	-148.4016055116	-135.4780751113	-123.0516603464	-111.1976520820	-100.0083312820	-89.57944584339	-79.95276299654	-71.13312790402	-63.11785926143	-55.89122449369	-49.41523858734	-43.63798557003	-38.50437325518	-33.95824191127	-29.94209933736	-26.39948757654	-23.27775160764	-20.52890987206	-18.10934648141	-15.97968851940	-14.10489533016	-12.45406065186	-10.99997283372	-9.718689010240
0.2000000000000	-202.0435317525	-199.5869428988	-192.4367441851	-182.0634874731	-170.1952814849	-157.7746555356	-145.2363104811	-132.9014485556	-120.9697029516	-109.5457367075	-98.72544950865	-88.59597440278	-79.20698255516	-70.57702026372	-62.71020427986	-55.59549159462	-49.20231323052	-43.48624887533	-38.39737662048	-33.88321129709	-29.88963728948	-26.36294375766	-23.25239134872	-20.51136405442	-18.09720576259	-15.97128642525	-14.09908793105	-12.45005063205	-10.99720237264	-9.716772788627
0.4256393576616	-178.5896540040	-176.9905481650	-172.1317756023	-164.6185775618	-155.4443902006	-145.3861294027	-134.9494164791	-124.4614973483	-114.1309317489	-104.0908845320	-94.44849914028	-85.29344877701	-76.69308125080	-68.69247922229	-61.31842437851	-54.58012446433	-48.46902798267	-42.96193899100	-38.02589931680	-33.62180126664	-29.70647305090	-26.23510882847	-23.16354064397	-20.44975782566	-18.05453222798	-15.94174394251	-14.07865434066	-12.43592732631	-10.98743889960	-9.710019115257
0.6802049562913	-147.6439949381	-146.6372610695	-143.5430073597	-138.6526972493	-132.4999485103	-125.5362822228	-118.0820603338	-110.3594837418	-102.5249327985	-94.69288890461	-86.96349739860	-79.42824383899	-72.16940091142	-65.25730205067	-58.74832873261	-52.68308611003	-47.08553461789	-41.96382161179	-37.31270822915	-33.11619354203	-29.35025487335	-25.98539179212	-22.98921947484	-20.32845103951	-17.97028352455	-15.88331161929	-14.03817197562	-12.40790217233	-10.96804219931	-9.696592331772
0.9674050470790	-113.9890131950	-113.4532873645	-111.7996628638	-109.1569889408	-105.7645360687	-101.8103111870	-97.41454285477	-92.65713569930	-87.60412316020	-82.31944980384	-76.87101912530	-71.33222311135	-65.78195823997	-60.30007669986	-54.96194822530	-49.83413448906	-44.97145500329	-40.41480036712	-36.19046304672	-32.31101090487	-28.77722927186	-25.58031564638	-22.70443909281	-20.12910971890	-17.83119326350	-15.78648896621	-13.97089213453	-12.36121008179	-10.93566266972	-9.674146237518
1.2914232671074	-84.16405116816	-83.95864970625	-83.31743932069	-82.26784741891	-80.86527006465	-79.13517928008	-77.07733407729	-74.68520534606	-71.95875825448	-68.90982709193	-65.56313830194	-61.95705756191	-58.14343479637	-54.18504354628	-50.15123053547	-46.11334485623	-42.13992733435	-38.29231359129	-34.62122754858	-31.16501240785	-27.94919836637	-24.98743858280	-22.28313308757	-19.83156234046	-17.62207318752	-15.64007095957	-13.86867138495	-12.29000004613	-10.88613118484	-9.639729832670
1.6569795822967	-62.82124836818	-62.76693534932	-62.59149244150	-62.28407537982	-61.83203945269	-61.21212071664	-60.39528883894	-59.35334249299	-58.06136136689	-56.50029527499	-54.65992652170	-52.54130366895	-50.15853786631	-47.53949405100	-44.72499021202	-41.76642488100	-38.72208344761	-35.65259220822	-32.61638629523	-29.66555910834	-26.84306516342	-24.18122123155	-21.70153714887	-19.41561411910	-17.32669547614	-15.43150554517	-13.72206400179	-12.18730308484	-10.81438464293	-9.589702851556
2.0693990430390	-48.97787348392	-48.96146430836	-48.90592261463	-48.80138649586	-48.63546069104	-48.39164454045	-48.04973462768	-47.58703152677	-46.97922194756	-46.20183006458	-45.23217656054	-44.05183765473	-42.64927319607	-41.02236577226	-39.18033612570	-37.14455295399	-34.94786274545	-32.63250627401	-30.24659106144	-27.84006259220	-25.46059737784	-23.15020320078	-20.94294573805	-18.86392845439	-16.92940592574	-15.14771834796	-13.52068688098	-12.04515647559	-10.71446059657	-9.519684853277
2.5346893540841	-39.42281883544	-39.41594479269	-39.39214547689	-39.34571966020	-39.26976117606	-39.15545873224	-38.99170329410	-38.76491861536	-38.45914288103	-38.05633490347	-37.53700832214	-36.88137270947	-36.07099710301	-35.09091153245	-33.93194057688	-32.59303463896	-31.08274932155	-29.41994971008	-27.63302872804	-25.75779130470	-23.83431648996	-21.90335502288	-20.00294202975	-18.16574981063	-16.41751236133	-14.77651508502	-13.25396609942	-11.85494479376	-10.57963069720	-9.424570266266
3.0596283886361	-32.36147705867	-32.35852299397	-32.34804703152	-32.32691110693	-32.29090742119	-32.23469465988	-32.15169133611	-32.03390966910	-31.87166912967	-31.65345858105	-31.36596438183	-30.99432702097	-30.52272652653	-29.93539045674	-29.21805354877	-28.35978954911	-27.35499476946	-26.20519456284	-24.92022448056	-23.51840854327	-22.02552793669	-20.47268320400	-18.89341841273	-17.32068399760	-15.78418681534	-14.30853879112	-12.91233039417	-11.60806418040	-10.40271726515	-9.298655938078
3.6518629214750	-26.98721822927	-26.98537468459	-26.97889319154	-26.96604303879	-26.94469779713	-26.91201676771	-26.86436233955	-26.79709455481	-26.70441257414	-26.57919318402	-26.41285078699	-26.19529495124	-25.91502125003	-25.55943686748	-25.11548453119	-24.57063192693	-23.91422200478	-23.13908221705	-22.24316094688	-21.23086075006	-20.11368971373	-18.90995633716	-17.64343889149	-16.34123188903	-15.03119780987	-13.73952237212	-12.48881079730	-11.29693809693	-10.17667474583	-9.135933636855
4.3200200193490	-22.73908821494	-22.73801888620	-22.73425303327	-22.72677909169	-22.71429446179	-22.69511549557	-22.66707098366	-22.62737988963	-22.57252802619	-22.49812444024	-22.39875718410	-22.26786325217	-22.09765140260	-21.87912013225	-21.60222776928	-21.25628891324	-20.83065158599	-20.31568739206	-19.70405223803	-18.99207417263	-18.18102495380	-17.27796153962	-16.29584269530	-15.25278519923	-14.17051074152	-13.07229104215	-11.98080305366	-10.91631403064	-9.895441697630	-8.930591844186
5.0738327112556	-19.31443957051	-19.31384065622	-19.31171712797	-19.30745211687	-19.30022475565	-19.28897108870	-19.27233337201	-19.24858871973	-19.21555080609	-19.17046582664	-19.10989613415	-19.02960086128	-18.92442576657	-18.78821664835	-18.61380882407	-18.39311091264	-18.11736164896	-17.77760238534	-17.36540814095	-16.87386505332	-16.29871466103	-15.63948698168	-14.90036990061	-14.09056004775	-13.22389759516	-12.31778280181	-11.39155344823	-10.46466277048	-9.555014638615	-8.677737690341
5.9242817692504	-16.51840378909	-16.51800891998	-16.51661773833	-16.51385164672	-16.50921831609	-16.50207818945	-16.49160132790	-16.47671655579	-16.45605312863	-16.42786995662	-16.38997130270	-16.33961379980	-16.27340797999	-16.18722009595	-16.07609936337	-15.93424596255	-15.75505313754	-15.53127996193	-15.25538697275	-14.92008710930	-14.51910731784	-14.04812141896	-13.50572865101	-12.89428047895	-12.22033018446	-11.49451651354	-10.73081877631	-9.945295394454	-9.154555387329	-8.374279811918
6.8837556650996	-14.20114101883	-14.20088995963	-14.20000632695	-14.19825014343	-14.19530963422	-14.19078024407	-14.18413591657	-14.17469629123	-14.16158764106	-14.14369648871	-14.11960749182	-14.08754003889	-14.04526815871	-13.99004006276	-13.91849544055	-13.82659422690	-13.70958319412	-13.56201441759	-13.37785844073	-13.15075500199	-12.87443113299	-12.54329965281	-12.15322352774	-11.70234730451	-11.19184957856	-10.62642389603	-10.01431123849	-9.366801148190	-8.697251876406	-8.019822737198
7.9662310328621	-12.26130952713	-12.26115485286	-12.26060914558	-12.25951817026	-12.25767868629	-12.25482552004	-12.25061710237	-12.24461359386	-12.23624989650	-12.22480330051	-12.20935327013	-12.18873401134	-12.16147834316	-12.12575430833	-12.07929568978	-12.01933290328	-11.94253162789	-11.84495293054	-11.72206219535	-11.56880583859	-11.37979731023	-11.14964044140	-10.87340963586	-10.54727280048	-10.16919728251	-9.739618284423	-9.261912721525	-8.742519771687	-8.190612252700	-7.617338242680
9.1874762661941	-10.62565651227	-10.62555465431	-10.62519533751	-10.62447865819	-10.62327391943	-10.62141079310	-10.61866808077	-10.61476014394	-10.60931897044	-10.60187253329	-10.59181777290	-10.57838734500	-10.56061074395	-10.53726681400	-10.50683143944	-10.46741849449	-10.41672085669	-10.35195651612	-10.26983255223	-10.16654098449	-10.03781668164	-9.879076474685	-9.685673800480	-9.453286674257	-9.178428430817	-8.859048073345	-8.495115560418	-8.089070102970	-7.645986499765	-7.173366724238
10.565281216176	-9.236334369477	-9.236266727229	-9.236027866111	-9.235552805497	-9.234755862991	-9.233526281182	-9.231719172199	-9.229147203857	-9.225568476893	-9.220672308826	-9.214060705138	-9.205225907753	-9.193523159197	-9.178136931235	-9.158042238007	-9.131959553251	-9.098305592576	-9.055142235571	-9.000129896098	-8.930492002679	-8.843010347482	-8.734063478233	-8.599734569673	-8.436015066859	-8.239119518725	-8.005912047892	-7.734410205575	-7.424301183121	-7.077351128070	-6.697594010567
12.119716335660	-8.049153902352	-8.049109873834	-8.048954399157	-8.048644334948	-8.048122849753	-8.047316016850	-8.046127789612	-8.044433917780	-8.042074035578	-8.038841944750	-8.034473111421	-8.028629327839	-8.020880021049	-8.010678499899	-7.997334340574	-7.979980230804	-7.957533910153	-7.928656076898	-7.891706695454	-7.844703766417	-7.785292446428	-7.710735493081	-7.617941670301	-7.503550798752	-7.364097511651	-7.196269387519	-6.997263481093	-6.765216236760	-6.499648663912	-6.201841735659
13.873425045095	-7.030042740607	-7.030013507062	-7.029910571488	-7.029704481880	-7.029358168364	-7.028822098886	-7.028032263683	-7.026905967794	-7.025336316156	-7.023185709273	-7.020277336849	-7.016384991830	-7.011219772138	-7.004414080710	-6.995501810180	-6.983894924110	-6.968854809274	-6.949460180293	-6.924570975699	-6.892790633962	-6.852430121273	-6.801480160680	-6.737600723832	-6.658141282640	-6.560208143771	-6.440798537816	-6.297014173755	-6.126360537851	-5.927113600576	-5.698707839891
15.851953578707	-6.151578279748	-6.151558532291	-6.151488850671	-6.151350033365	-6.151116815369	-6.150756351181	-6.150225912129	-6.149470037369	-6.148417087330	-6.146974806864	-6.145024574885	-6.142414289942	-6.138949513242	-6.134382328614	-6.128397368362	-6.120595373677	-6.110472664351	-6.097397017337	-6.080580217242	-6.059046582033	-6.031600665765	-5.996795831912	-5.952909272976	-5.897931266792	-5.829579832696	-5.745355142440	-5.642649097949	-5.518924436495	-5.371967278568	-5.200200559343
18.084123115904	-5.391569420702	-5.391556116375	-5.391509343941	-5.391416038082	-5.391259279184	-5.391016917044	-5.390660261877	-5.390151751237	-5.389443330961	-5.388472716162	-5.387159959493	-5.385402377841	-5.383068572280	-5.379990702266	-5.375954995982	-5.370689912362	-5.363851750585	-5.355007217520	-5.343612757343	-5.328990628281	-5.310302106510	-5.286519489014	-5.256398296890	-5.218455094715	-5.170957179709	-5.111933053802	-5.039216537460	-4.950537866938	-4.843674204823	-4.716663800758
20.602449618728	-4.732053602447	-4.732044686026	-4.732013192180	-4.731950390385	-4.731844794037	-4.731681414066	-4.731440826217	-4.731097679787	-4.730619363085	-4.729963842852	-4.729076935656	-4.727889089119	-4.726311259707	-4.724229488202	-4.721498424041	-4.717933085227	-4.713298709519	-4.707298335505	-4.699557773159	-4.689607810556	-4.676863494597	-4.660601095500	-4.639933429864	-4.613785926720	-4.580876804434	-4.539707030098	-4.488568099413	-4.425578047507	-4.348757844428	-4.256158215485
23.443617491126	-4.158256418645	-4.158250357276	-4.158228960163	-4.158186272683	-4.158114553740	-4.158003612237	-4.157840255491	-4.157607366592	-4.157282770637	-4.156837921014	-4.156236026370	-4.155429851412	-4.154358797885	-4.152945334304	-4.151090421395	-4.148667817800	-4.145516988415	-4.141434333050	-4.136162442423	-4.129377137478	-4.120672013543	-4.109540559938	-4.095356076281	-4.077350264108	-4.054592218413	-4.025970840545	-3.990185400462	-3.945751379011	-3.891029966631	-3.824292372536
26.649013959808	-3.657884385201	-3.657880270543	-3.657865662923	-3.657836610744	-3.657787692976	-3.657712135657	-3.657600845123	-3.657442253518	-3.657221233059	-3.656918334130	-3.656508505001	-3.655959560824	-3.655230187658	-3.654267484226	-3.653003812283	-3.651352875230	-3.649204744563	-3.646419733051	-3.642820785694	-3.638184168868	-3.632228210522	-3.624599874608	-3.614859360256	-3.602462402706	-3.586741742357	-3.566888663212	-3.541937399894	-3.510756454144	-3.472052730866	-3.424396267858
30.265331961029	-3.220669256412	-3.220666439887	-3.220656499808	-3.220636678226	-3.220603360735	-3.220551829807	-3.220475949425	-3.220367762226	-3.220216975411	-3.220010305345	-3.219730642981	-3.219355992426	-3.218858122994	-3.218200860398	-3.217337925118	-3.216210205240	-3.214742327367	-3.212838363341	-3.210376484491	-3.207202352693	-3.203121025829	-3.197887165865	-3.191193389888	-3.182656727119	-3.171803380280	-3.158052395126	-3.140699486736	-3.118903228934	-3.091677085067	-3.057892435547
34.345250315507	-2.837983308723	-2.837981382152	-2.837974582886	-2.837961024372	-2.837938234124	-2.837902984916	-2.837851078888	-2.837777071705	-2.837673920408	-2.837532534271	-2.837341202488	-2.837084865687	-2.836744189786	-2.836294390224	-2.835703741872	-2.834931694540	-2.833926495990	-2.832622203630	-2.830934943574	-2.828758252873	-2.825957321037	-2.822361936263	-2.817757950313	-2.811877120080	-2.804385288604	-2.794869070199	-2.782821552819	-2.767628086442	-2.748554050009	-2.724737616223
38.948201099587	-2.502519828120	-2.502518507381	-2.502513846219	-2.502504551304	-2.502488927593	-2.502464762553	-2.502429178092	-2.502378441309	-2.502307722846	-2.502210788548	-2.502079606383	-2.501903845771	-2.501670240533	-2.501361779252	-2.500956677721	-2.500427077012	-2.499737397333	-2.498842262043	-2.497683888163	-2.496188819984	-2.494263862354	-2.491791052843	-2.488621502303	-2.484567940213	-2.479395838709	-2.472813079005	-2.464458297767	-2.453888351653	-2.440565818660	-2.423848168574
44.141235390927	-2.208063102747	-2.208062195628	-2.208058994211	-2.208052610191	-2.208041879334	-2.208025281935	-2.208000841081	-2.207965992597	-2.207917418941	-2.207850837202	-2.207760728728	-2.207639994579	-2.207479516844	-2.207267600636	-2.206989265134	-2.206625344022	-2.206151346015	-2.205536014372	-2.204739510594	-2.203711131643	-2.202386452758	-2.200683770388	-2.198499704369	-2.195703809827	-2.192132054779	-2.187579051504	-2.181789007075	-2.174445508628	-2.165160519218	-2.153463376686
50.000000000000	-1.949301464037	-1.949300839978	-1.949298637543	-1.949294245608	-1.949286863215	-1.949275444833	-1.949258630347	-1.949234655549	-1.949201237791	-1.949155430021	-1.949093434564	-1.949010365733	-1.948899947425	-1.948754128212	-1.948562591895	-1.948312135784	-1.947985882043	-1.947562278866	-1.947013838044	-1.946305543381	-1.945392850590	-1.944219184113	-1.942712820895	-1.940783037575	-1.938315389743	-1.935165996429	-1.931154730512	-1.926057282536	-1.919596195569	-1.911431194676

#dPhi/dR
0	#m
#R(row)\z(col)	0.0000000000000	0.0400000000000	0.0851278715323	0.1360409912583	0.1934810094158	0.2582846534215	0.3313959164593	0.4138798086078	0.5069378708168	0.6119256777272	0.7303725842950	0.8640040038698	1.0147665422511	1.1848563538501	1.3767511330199	1.5932462065724	1.8374952532388	2.1130562432351	2.4239432671319	2.7746850090189	3.1703907157414	3.6168246231808	4.1204899237456	4.6887234982251	5.3298027919616	6.0530663922058	6.8690500631014	7.7896402199175	8.8282470781853	1.00000000000e1
0.0000000000000	-0.000000000000	-0.000000000000	-0.000000000000	-0.000000000000	-0.000000000000	-0.000000000000	-0.000000000000	-0.000000000000	-0.000000000000	-0.000000000000	-0.000000000000	-0.000000000000	-0.000000000000	-0.000000000000	-0.000000000000	-0.000000000000	-0.000000000000	-0.000000000000	-0.000000000000	-0.000000000000	-0.000000000000	-0.000000000000	-0.000000000000	-0.000000000000	-0.000000000000	-0.000000000000	-0.000000000000	-0.000000000000	-0.000000000000	-0.000000000000
0.2000000000000	86.410219362297	81.211349914056	68.742965716029	55.664364788122	45.590196828391	37.871554869951	31.146745066567	25.365918832622	20.489902049369	16.270841975416	12.667275620887	9.7277890670381	7.3807948423235	5.5098336045519	4.0468259830442	2.9396823645628	2.1175680733739	1.5100375847546	1.0660984970017	0.7481305158797	0.5233732050010	0.3648011177964	0.2531731825845	0.1752642981852	0.1213046131536	0.0839487136585	0.0580328834836	0.0400827436272	0.0276918928430	0.0191561209178
0.4256393576616	116.22875732248	113.41267097370	105.23445514310	93.650429650350	81.135844357810	69.059775113450	57.906751553213	47.864153943040	38.986908133214	31.260574238555	24.657848831909	19.141573044776	14.632992009829	11.018029089566	8.1762590015274	5.9896994843118	4.3392726587432	3.1119210692522	2.2115595252724	1.5604547725925	1.0952539911202	0.7654033472735	0.5328544294889	0.3699508819760	0.2564804102123	0.1776540134549	0.1229432070587	0.0850280848377	0.0588054545525	0.0406852274594
0.6802049562913	123.04742091113	121.10739846590	115.20776594281	106.11784725337	95.155612590016	83.434226301350	71.750964116154	60.645057414350	50.427762581795	41.244033940259	33.172896298689	26.243446088171	20.426509836118	15.646859787192	11.803304528615	8.7786732787224	6.4458855081812	4.6784587341943	3.3609858041011	2.3937771799930	1.6930558828466	1.1906431932562	0.8334021560614	0.5812587778232	0.4043977263011	0.2808618004359	0.1948014201337	0.1349846268808	0.0934949455497	0.0647529813080
0.9674050470790	107.99627587553	106.63579450204	102.46969907909	95.933492344542	87.821726614021	78.859889301558	69.605345133280	60.458111658638	51.695947967551	43.502904639692	36.011009834921	29.310570634387	23.452698760935	18.448536111853	14.272050750522	10.865970947471	8.1497202575687	6.0288350290451	4.4049630550037	3.1837428638954	2.2799112945637	1.6200971997839	1.1439369833312	0.8036307169312	0.5623615003171	0.3923714067822	0.2731588758546	0.1898589256386	0.1318195454034	0.0914633396720
1.2914232671074	75.126539729768	74.439912155143	72.329966468058	68.993745312717	64.785799476491	59.995031203732	54.819052759650	49.401876149823	43.874538859751	38.366676163882	33.003663410995	27.902680710798	23.169303826134	18.888798161607	15.117942073052	11.882060768465	9.1765285290594	6.9708755276378	5.2152567142723	3.8484704902168	2.8056473782461	2.0241696984019	1.4475917619948	1.0277762465933	0.7254624509355	0.5097207117827	0.3568626114162	0.2491678355874	0.1736254286352	0.1208137265141
1.6569795822967	44.046269989231	43.843911526870	43.214690258999	42.190115648260	40.826922574644	39.149877281246	37.161790791975	34.868233250500	32.290488767744	29.470660612612	26.470248156539	23.367212765414	20.250963649799	17.214490986520	14.345128350947	11.716081849598	9.3801204839501	7.3662092355107	5.6796327772212	4.3053832690215	3.2137165511231	2.3663128290006	1.7218669089230	1.2404256098506	0.8861827894250	0.6288262394504	0.4437966478327	0.3118795777028	0.2184551085439	0.1526363913168
2.0693990430390	25.636228581583	25.603300953556	25.495217949181	25.298310500720	24.992402347297	24.549653517711	23.941897276988	23.146773143740	22.148462438777	20.940085021908	19.527126817134	17.929761338613	16.183498934164	14.337965652639	12.453324847899	10.594402926102	8.8236191420724	7.1941319889544	5.7446061248013	4.4965600540035	3.4546391847507	2.6093396278098	1.9411612095213	1.4250753087771	1.0344277937147	0.7437904342617	0.5306689160342	0.3762440427876	0.2654295927963	0.1865243022212
2.5346893540841	16.493227065026	16.480423080895	16.437158068162	16.357101901147	16.233980663492	16.059334383299	15.821405411378	15.505459284345	15.095573036858	14.576459270104	13.935487117007	13.165225685790	12.266120750304	11.248652486438	10.134382481490	8.9553370199414	7.7514297232719	6.5661321987586	5.4412073071373	4.4116660471990	3.5020935785762	2.7250689754405	2.0817638270141	1.5641957649408	1.1583106780033	0.8470648360923	0.6129415460734	0.4396652631749	0.3131352778572	0.2217492240736
3.0596283886361	10.951720324494	10.948312745285	10.936290590253	10.912198000807	10.871481012012	10.808487933636	10.716546823896	10.587962971812	10.413956810545	10.184868318560	9.8907130111067	9.5221084503609	9.0716121546878	8.5354207109063	7.9151599993143	7.2193694495553	6.4641597844592	5.6725981996631	4.8726389900936	4.0938472071839	3.3636042604603	2.7037175148508	2.1282365403239	1.6428772774263	1.2459335419344	0.9301667399462	0.6850295015246	0.4986894553891	0.3595490700623	0.2571858454590
3.6518629214750	7.5438454706472	7.5425353192570	7.5378874167795	7.5283467060879	7.5117721885059	7.4854171418112	7.4459462388573	7.3893741455473	7.3109536776108	7.2051413504693	7.0657026250063	6.8859647762044	6.6592730061633	6.3797290904832	6.0431969063074	5.6485002480342	5.1986110029685	4.7015122486586	4.1703659664997	3.6227004138481	3.0785817128695	2.5580804549292	2.0786271000345	1.6529335748022	1.2879583775385	0.9850313778452	0.7408928222652	0.5491997429220	0.4020569613793	0.2912695777890
4.3200200193490	5.3578345799271	5.3568834802258	5.3535901098978	5.3472498104238	5.3370637724139	5.3219918900645	5.3006030799830	5.2709915927003	5.2307538149575	5.1769497437936	5.1060730962179	5.0140734442163	4.8964770540726	4.7486421974006	4.5661662490016	4.3455093583414	4.0847786959024	3.7845902944488	3.4488220438354	3.0850048578663	2.7041038846878	2.3195571714765	1.9456707549214	1.5957135277353	1.2801990704300	1.0057909080999	0.7750408792510	0.5868864539102	0.4376246486583	0.3220262270365
5.0738327112556	3.8506415886447	3.8502786801303	3.8489909545223	3.8463931857931	3.8419764962051	3.8350801229164	3.8248829590282	3.8103542433125	3.7902088210371	3.7628596285210	3.7263733385995	3.6784396192077	3.6163735113352	3.5371711973401	3.4376320664318	3.3146073079758	3.1653732545514	2.9881409638180	2.7826556549712	2.5507815219217	2.2969049744178	2.0279680560463	1.7529909972019	1.4820826271016	1.2251184860476	0.9904166267791	0.7837589306058	0.6079829778145	0.4631625007296	0.3472147753786
5.9242817692504	2.8092874252487	2.8091087864048	2.8084720251549	2.8071801955327	2.8049629282893	2.8014699770950	2.7962604641719	2.7887760458120	2.7783201104459	2.7640160310468	2.7447792446466	2.7192883185134	2.6859609227476	2.6429490141699	2.5881656792863	2.5193602695891	2.4342639702552	2.3308268786278	2.2075513848226	2.0639050573865	1.9007515521736	1.7206955489644	1.5282049752761	1.3293897926309	1.1313970575823	0.9415090405789	0.7661572494579	0.6101139279623	0.4760621852853	0.3646064427802
6.8837556650996	2.0763619966495	2.0762396851563	2.0758136816918	2.0749780193943	2.0736026798124	2.0715179062633	2.0685001932742	2.0642539149247	2.0584003272111	2.0504605910793	2.0398320053565	2.0257662928047	2.0073475997361	1.9834743531058	1.9528530948334	1.9140097389652	1.8653364399879	1.8051831865356	1.7320119901294	1.6446213089850	1.5424326769619	1.4258048405769	1.2963088857189	1.1568681842069	1.0116685585919	0.8657884088754	0.7245854745349	0.5929748628668	0.4747875758813	0.3723765724648
7.9662310328621	1.5463865162938	1.5463255080863	1.5461113952687	1.5456844958142	1.5449680344550	1.5438626271030	1.5422376987807	1.5399295180504	1.5367236439676	1.5323512283970	1.5264711591595	1.5186564430493	1.5083778901756	1.4949874808092	1.4777050014140	1.4556111998844	1.4276534131270	1.3926730352012	1.3494652891643	1.2968815992478	1.2339827281807	1.1602398800790	1.0757636417033	0.9815168345877	0.8794446575612	0.7724503573909	0.6641685185559	0.5585470890869	0.4593220661503	0.3695200589224
9.1874762661941	1.1601879555774	1.1601567958768	1.1600467099276	1.1598238698831	1.1594446068402	1.1588506744652	1.1579681952145	1.1567026204192	1.1549335318615	1.1525069758311	1.1492277324332	1.1448495769418	1.1390646006694	1.1314913028561	1.1216627709533	1.1090164203419	1.0928880952076	1.0725147218033	1.0470516201767	1.0156117349034	0.9773355147442	0.9314968780338	0.8776457944789	0.8157754087516	0.7464840835678	0.6710870883236	0.5916227282656	0.5107131351549	0.4312775343857	0.3561505487864
10.565281216176	0.8764578422615	0.8764383225961	0.8763691935243	0.8762319691555	0.8760024128279	0.8756491318902	0.8751311611815	0.8743950422886	0.8733722456489	0.8719749756235	0.8700911466527	0.8675786592718	0.8642583970176	0.8599062804819	0.8542446202072	0.8469333032511	0.8375619981907	0.8256452779643	0.8106236808869	0.7918747349385	0.7687398553406	0.7405726006998	0.7068133866086	0.6670918170861	0.6213491382952	0.5699614262760	0.5138306932547	0.4544043804358	0.3935892762189	0.3335533722247
12.119716335660	0.6654831061048	0.6654719483261	0.6654323719459	0.6653525070731	0.6652198111178	0.6650156642118	0.6647162847423	0.6642910423146	0.6637002246355	0.6628929899743	0.6618043427095	0.6603515426028	0.6584297810685	0.6559071787807	0.6526188459936	0.6483605058826	0.6428819179414	0.6358809386339	0.6269995600100	0.6158240940508	0.6018924630157	0.5847126333426	0.5637966286648	0.5387139709551	0.5091658157917	0.4750752764409	0.4366808152444	0.3946093876140	0.3498995733358	0.3039486451907
13.873425045095	0.5074572876126	0.5074507962517	0.5074290844792	0.5073851524120	0.5073107238854	0.5071954266720	0.5070252595956	0.5067818734623	0.5064425749663	0.5059773357746	0.5053482212472	0.5045066350522	0.5033908612433	0.5019228595808	0.5000044630505	0.4975131093295	0.4942970055648	0.4901702402236	0.4849082592047	0.4782447359633	0.4698713248080	0.4594425661111	0.4465887683932	0.4309402598475	0.4121659872146	0.3900277691506	0.3644473185002	0.3355770601426	0.3038580227630	0.2700427157255
15.851953578707	0.3884907932314	0.3884870738436	0.3884739148745	0.3884477746924	0.3884039707927	0.3883359771822	0.3882357096947	0.3880928478155	0.3878936700920	0.3876207781913	0.3872518062383	0.3867581375235	0.3861033064411	0.3852410400093	0.3841128399273	0.3826452088970	0.3807463925197	0.3783027961529	0.3751752911993	0.3711957422358	0.3661645599049	0.3598503116506	0.3519930377987	0.3423134126896	0.3305302535393	0.3163887149900	0.2997002597604	0.2803927365248	0.2585641633876	0.2345281828984
18.084123115904	0.2984025932598	0.2984006283238	0.2983925860162	0.2983767058866	0.2983505745486	0.2983100037649	0.2982502949737	0.2981654204544	0.2980472947614	0.2978856327085	0.2976672014296	0.2973750618779	0.2969875749732	0.2964771933270	0.2958090214209	0.2949389591785	0.2938116358286	0.2923579581785	0.2904924075633	0.2881102227256	0.2850847584058	0.2812655720034	0.2764779598398	0.2705252556974	0.2631954255236	0.2542738334274	0.2435640108092	0.2309173654477	0.2162707709633	0.1996875125549
20.602449618728	0.2298385233732	0.2298372341622	0.2298326456065	0.2298234624490	0.2298079943698	0.2297840904709	0.2297489885079	0.2296988734585	0.2296290672698	0.2295334090406	0.2294040732487	0.2292309353310	0.2290011135511	0.2286981413866	0.2283011035593	0.2277835024139	0.2271119097137	0.2262443735729	0.2251285537863	0.2236997066912	0.2218785134611	0.2195690747941	0.2166573809624	0.2130109070582	0.2084801989612	0.2029036559393	0.1961169349309	0.1879683634551	0.1783411689829	0.1671818170955
23.443617491126	0.1774617522537	0.1774609399494	0.1774582806609	0.1774527623749	0.1774436562889	0.1774295236275	0.1774086617603	0.1773789002579	0.1773374058523	0.1772805194117	0.1772035441882	0.1771004649661	0.1769635220949	0.1767828770040	0.1765459706530	0.1762368455759	0.1758353051544	0.1753158879055	0.1746466558737	0.1737877842974	0.1726900158676	0.1712930125309	0.1695238051484	0.1672956063219	0.1645074417219	0.1610452674423	0.1567854736725	0.1516018678168	0.1453771845785	0.1380198074895
26.649013959808	0.1373158294774	0.1373153739777	0.1373137221954	0.1373104746074	0.1373049222600	0.1372964017161	0.1372838659748	0.1372659988687	0.1372410935461	0.1372069764253	0.1371607988822	0.1370990013939	0.1370169155048	0.1369086149796	0.1367665387315	0.1365810660887	0.1363399841301	0.1360278449865	0.1356251844156	0.1351075963118	0.1344446625719	0.1335987591808	0.1325238066453	0.1311640645487	0.1294532095208	0.1273140157640	0.1246591497100	0.1213937603036	0.1174206907123	0.1126491396015
30.265331961029	0.1064476227643	0.1064473429319	0.1064463553666	0.1064443861440	0.1064410764003	0.1064359579615	0.1064284221848	0.1064176801174	0.1064027116304	0.1063822006598	0.1063544529639	0.1063172918575	0.1062679262596	0.1062027841258	0.1061173029077	0.1060056671294	0.1058604816251	0.1056723676933	0.1054294688576	0.1051168538783	0.1047158084267	0.1042030154176	0.1035496403819	0.1027203666311	0.1016724707034	0.1003550976863	0.0987089932213	0.0966670736998	0.0941563532588	0.0911018610478
34.345250315507	0.0826508774787	0.0826507090709	0.0826501147273	0.0826489295466	0.0826469374247	0.0826438563138	0.0826393193808	0.0826328509474	0.0826238358026	0.0826114801050	0.0825947616384	0.0825723666160	0.0825426095422	0.0825033318136	0.0824517737695	0.0823844137960	0.0822967668865	0.0821831338645	0.0820362914773	0.0818471131190	0.0816041106417	0.0812928905376	0.0808955242485	0.0803898447500	0.0797487030486	0.0789392529391	0.0779223849076	0.0766525041390	0.0750779428735	0.0731424036010
38.948201099587	0.0642644988751	0.0642643970873	0.0642640378578	0.0642633215153	0.0642621174358	0.0642602551277	0.0642575128334	0.0642536029701	0.0642481535494	0.0642406844911	0.0642305774622	0.0642170375175	0.0641990443873	0.0641752907280	0.0641441040131	0.0641033480003	0.0640502988542	0.0639814900835	0.0638925195237	0.0637778108283	0.0636303215665	0.0634411905457	0.0631993191038	0.0628908860269	0.0624988051631	0.0620021511610	0.0613756052105	0.0605890127570	0.0596072018096	0.0583902835549
44.141235390927	0.0500299442574	0.0500298825793	0.0500296649047	0.0500292308365	0.0500285012198	0.0500273727369	0.0500257109962	0.0500233417015	0.0500200393784	0.0500155129963	0.0500093876471	0.0500011812257	0.0499902747841	0.0499758748964	0.0499569659668	0.0499322499185	0.0499000701316	0.0498583158356	0.0498043024530	0.0497346226749	0.0496449624468	0.0495298757611	0.0493825125302	0.0491942954308	0.0489545453458	0.0486500622156	0.0482646806055	0.0477788395307	0.0471692367817	0.0464086814583
50.000000000000	0.0389904370859	0.0389903996297	0.0389902674388	0.0389900038345	0.0389895607453	0.0389888754238	0.0389878662473	0.0389864273514	0.0389844217764	0.0389816727235	0.0389779524080	0.0389729678616	0.0389663428677	0.0389575950047	0.0389461065107	0.0389310873734	0.0389115286651	0.0388861437025	0.0388532941009	0.0388108972413	0.0387563111170	0.0386861920563	0.0385963205938	0.0384813910465	0.0383347615759	0.0381481643794	0.0379113811478	0.0376118985104	0.0372345737114	0.0367613643476

#dPhi/dz
0	#m
#R(row)\z(col)	0.0000000000000	0.0400000000000	0.0851278715323	0.1360409912583	0.1934810094158	0.2582846534215	0.3313959164593	0.4138798086078	0.5069378708168	0.6119256777272	0.7303725842950	0.8640040038698	1.0147665422511	1.1848563538501	1.3767511330199	1.5932462065724	1.8374952532388	2.1130562432351	2.4239432671319	2.7746850090189	3.1703907157414	3.6168246231808	4.1204899237456	4.6887234982251	5.3298027919616	6.0530663922058	6.8690500631014	7.7896402199175	8.8282470781853	1.00000000000e1
0.0000000000000	-0.000000000000	155.87336922867	228.24208054262	234.57999462856	214.71655356229	192.61615668620	169.06262144837	144.96097794838	123.01389963794	103.54873183339	86.063355630631	70.708395849988	57.630571197762	46.614726547981	37.390243659499	29.777798133820	23.594586406898	18.618566260370	14.636911221234	11.472699792136	8.9755998220747	7.0137106272649	5.4758397354050	4.2727314403074	3.3333441749121	2.6007363891867	2.0295713128863	1.5842889926225	1.2371369519954	0.9664576257672
0.2000000000000	-0.000000000000	116.66724852201	189.47729714243	210.14932082574	200.61482868872	182.31409350022	160.81816769180	138.82738025660	118.36974240668	99.946181227534	83.403639816217	68.833138355673	56.306167376667	45.682019858774	36.756199287817	29.360128241582	23.320986570482	18.439852488204	14.522417007155	11.400872047912	8.9307696424191	6.9856652065438	5.4584067958628	4.2620141146363	3.3267821146304	2.5967035469183	2.0270921708006	1.5827694168406	1.2362080600439	0.9658896874821
0.4256393576616	-0.000000000000	76.862761213973	132.41967485151	157.33689706118	159.36469781026	149.95716336864	135.35914506462	119.18844074556	103.30066230972	88.452913591603	74.855831996354	62.649078377874	51.902623493956	42.593133405375	34.640029067316	27.943803366245	22.386469422893	17.829860449924	14.130155738514	11.152458622813	8.7747853585379	6.8880765213589	5.3977053690219	4.2245425655945	3.3037422381062	2.5825359842103	2.0183852651086	1.5774310664644	1.2329427595651	0.9638892322868
0.6802049562913	-0.000000000000	48.534465143589	85.040293412490	103.80757500827	108.57556713052	105.44573645344	98.169277834188	89.085163945697	79.473746069874	69.958678326439	60.817924625615	52.236196148196	44.340150371043	37.211401063638	30.890866273807	25.385807681893	20.672171105116	16.698516607435	13.394547856683	10.680773195807	8.4755676633118	6.6997110626406	5.2799331747231	4.1513935677999	3.2585203272646	2.5546440150705	2.0012117573365	1.5668784088706	1.2264689864485	0.9599189050008
0.9674050470790	-0.000000000000	25.850642097564	45.617320589176	56.551663443001	60.641053986384	60.924674615873	59.116072688200	56.143428118949	52.435438523678	48.258591833239	43.793974834509	39.181192817664	34.549180600064	30.029543315082	25.739677041415	21.770915110998	18.186260612931	15.020417400321	12.281087563593	9.9534198536458	8.0066908190941	6.4007078402770	5.0909880576421	4.0329288483121	3.1846993154749	2.5088387929099	1.9728809478900	1.5494028375901	1.2157121820948	0.9533045082514
1.2914232671074	-0.000000000000	9.9385266255279	17.842030480511	22.829392248082	25.706589355477	27.518509855607	28.657394500519	29.240164627892	29.263213289271	28.740513101085	27.708906003412	26.221060253258	24.351623234818	22.198305533548	19.870646069147	17.477629988985	15.118816130211	12.877309090722	10.814566240803	8.9687264324569	7.3565961607492	5.9777382206564	4.8191812933145	3.8600677240978	3.0756962735682	2.4405618719318	1.9303345501174	1.5229979186454	1.1993756375378	0.9432198215197
1.6569795822967	-0.000000000000	2.6500355044324	5.0080231647195	6.9722841112904	8.7130646200511	10.372343382872	11.917172505252	13.284999504086	14.415470027092	15.252824060512	15.753204727837	15.891069492771	15.663060735980	15.090001015486	14.216028486472	13.104149162010	11.829017638992	10.468436403471	9.0951169347950	7.7700825894204	6.5388323310420	5.4304308282256	4.4589385662323	3.6262960078544	2.9257894952638	2.3453657357760	1.8703512611292	1.4854353562009	1.1759671218500	0.9286854932880
2.0693990430390	-0.000000000000	0.8107124833630	1.6337591201290	2.4580433065999	3.3092386470522	4.2051391063992	5.1327424910089	6.0660276972806	6.9708041639698	7.8065252317765	8.5291868227005	9.0956017640155	9.4682610269631	9.6204575471806	9.5408287396757	9.2360564053028	8.7307451637456	8.0643971927876	7.2860221430985	6.4475878555815	5.5977153319248	4.7768947042764	4.0148796358159	3.3302431390817	2.7315890830397	2.2196983949455	1.7899371302575	1.4344430485527	1.1438651108856	0.9085905024797
2.5346893540841	-0.000000000000	0.3409409376489	0.7117495091966	1.1082824550972	1.5331621468182	1.9911927098111	2.4842590762891	3.0086501121379	3.5546198649597	4.1073243842899	4.6465669934029	5.1472079829689	5.5808162922078	5.9184066492507	6.1340495227494	6.2088640001422	6.1345086330039	5.9152737171514	5.5680156200104	5.1198212949335	4.6039373221092	4.0549727052203	3.5045299053565	2.9781253346947	2.4937557970443	2.0619611694360	1.6869155157292	1.3680068661276	1.1014632637760	0.8817523251597
3.0596283886361	-0.000000000000	0.1477365186547	0.3172874566970	0.5139931289900	0.7399773857968	0.9943460311094	1.2746782238807	1.5789126358102	1.9047037348716	2.2476307325834	2.6005916790523	2.9533795016330	3.2924067476600	3.6009746315719	3.8603531294747	4.0516899409844	4.1585796430706	4.1698677757815	4.0820248571400	3.9003415048579	3.6384972297927	3.3165127618938	2.9576212860379	2.5848941549731	2.2184332639493	1.8736437424471	1.5606752258600	1.2848090775224	1.0474035028318	0.8470306099702
3.6518629214750	-0.000000000000	0.0921032393097	0.1948565686585	0.3085349732725	0.4343095730673	0.5739632848951	0.7292477973775	0.9011457439613	1.0897114933302	1.2941060446726	1.5122626361165	1.7404781652024	1.9730641000592	2.2020900198698	2.4173688255956	2.6068392881524	2.7575038232245	2.8569248225693	2.8951216493084	2.8664788717870	2.7711429836580	2.6154206607654	2.4109676249916	2.1729376266856	1.9176119203479	1.6601424515345	1.4129155778724	1.1847549725830	0.9808981405912	0.8035051107011
4.3200200193490	-0.000000000000	0.0534491508793	0.1133452572846	0.1801003905291	0.2544335332343	0.3372958729630	0.4296879702638	0.5324195620787	0.6460155626987	0.7706897941381	0.9061681216435	1.0514492422362	1.2045639261632	1.3622886344877	1.5199240347612	1.6711752641422	1.8082709246543	1.9224201493017	2.0046723859538	2.0471351742858	2.0443614194682	1.9945597950456	1.9002468455518	1.7680726355476	1.6078074096070	1.4307648682817	1.2481072787346	1.0694621709927	0.9021009836753	0.7507126270503
5.0738327112556	-0.000000000000	0.0300005557296	0.0642003398144	0.1034365094644	0.1482679686778	0.1990354627872	0.2560145309076	0.3195965299428	0.3902420322419	0.4683082933054	0.5539686906489	0.6471145134816	0.7472070667559	0.8531033201245	0.9628676771863	1.0735929616809	1.1812781888932	1.2808345091694	1.3663019321937	1.4313411218638	1.4700072893059	1.4777131577416	1.4521742979904	1.3940595516060	1.3071037640364	1.1975939179002	1.0733535099760	0.9425177974390	0.8124319248420	0.6889093159989
5.9242817692504	-0.000000000000	0.0197302889064	0.0419009813902	0.0667369132093	0.0945601525094	0.1257693501547	0.1607979811571	0.2000640447225	0.2439493930565	0.2928078493931	0.3469247098889	0.4064647356519	0.4714029616889	0.5414328835510	0.6158523760350	0.6934337865095	0.7722935779723	0.8497910206797	0.9224999958161	0.9863111480240	1.0367180134774	1.0693102453682	1.0804336906107	1.0678947421258	1.0315175767311	0.9733603693104	0.8974816899728	0.8092981695562	0.7147169220996	0.6192876336859
6.8837556650996	-0.000000000000	0.0125344852814	0.0266106105102	0.0423640272519	0.0599978515780	0.0797699681427	0.1019716646879	0.1268894440336	0.1547990608069	0.1859766283723	0.2206802067560	0.2591239437146	0.3014465403687	0.3476620210128	0.3975983266833	0.4508158987159	0.5065186048075	0.5634577516193	0.6198518746670	0.6733502960522	0.7210801033792	0.7598163738739	0.7863017027616	0.7976998366852	0.7921108103577	0.7690189356959	0.7295261011208	0.6762680252674	0.6130125116950	0.5440508088959
7.9662310328621	-0.000000000000	0.0077223617595	0.0164698771848	0.0264016263910	0.0376635969428	0.0503911424141	0.0647242026112	0.0808308394635	0.0988991518852	0.1191255243861	0.1417058770474	0.1668262763657	0.1946456697576	0.2252724224792	0.2587313012291	0.2949203798936	0.3335557847175	0.3741067523164	0.4157262062198	0.4571885251222	0.4968543155267	0.5326893801165	0.5623680194121	0.5834832645051	0.5938607885876	0.5919338972341	0.5770926136222	0.5498979058989	0.5120739715035	0.4662589180434
9.1874762661941	-0.000000000000	0.0050906468714	0.0108348863051	0.0173172153119	0.0246291338823	0.0328711020569	0.0421535520357	0.0525976831897	0.0643348183977	0.0775045381101	0.0922517686707	0.1087218237249	0.1270530155231	0.1473650550056	0.1697426081867	0.1942124492395	0.2207128151106	0.2490544439674	0.2788740018816	0.3095833330062	0.3403222297545	0.3699279886038	0.3969409505947	0.4196683416519	0.4363246110807	0.4452509753631	0.4451882945989	0.4355448537036	0.4165793159792	0.3894283329116
10.565281216176	-0.000000000000	0.0033842134728	0.0071923335149	0.0114687580961	0.0162724454014	0.0216751103025	0.0277569551004	0.0346038584010	0.0423055954058	0.0509593315529	0.0606685505188	0.0715405613611	0.0836834892557	0.0972008513579	0.1121834575108	0.1286975765160	0.1467687131411	0.1663595517462	0.1873419087568	0.2094628855778	0.2323074869720	0.2552628521616	0.2774932176717	0.2979392647926	0.3153582362613	0.3284193174537	0.3358585928294	0.3366785276164	0.3303518054143	0.3169717037422
12.119716335660	-0.000000000000	0.0022018000906	0.0046876752351	0.0074942377499	0.0106629863745	0.0142373014863	0.0182663813242	0.0228042840092	0.0279118519679	0.0336556512483	0.0401075805957	0.0473441876281	0.0554453026364	0.0644915428175	0.0745604744733	0.0857208098214	0.0980239356367	0.1114920923400	0.1261025075905	0.1417668679288	0.1583065472117	0.1754248118728	0.1926796813882	0.2094638052683	0.2250011247396	0.2383724194332	0.2485810604661	0.2546636576836	0.2558364432629	0.2516501929861
13.873425045095	-0.000000000000	0.0014612985410	0.0031114009830	0.0049762556434	0.0070834762194	0.0094616470846	0.0121432892124	0.0151652063817	0.0185685926409	0.0223990632512	0.0267063848791	0.0315444577620	0.0369706866332	0.0430449780392	0.0498279585750	0.0573781849053	0.0657478937210	0.0749768449538	0.0850836903031	0.0960543268912	0.1078268723072	0.1202732923429	0.1331786959348	0.1462207084095	0.1589535197240	0.1708036625168	0.1810864758666	0.1890520336364	0.1939648783051	0.1952121546168
15.851953578707	-0.000000000000	9.8718129633e-4	0.0021000018689	0.0033536453979	0.0047662504370	0.0063581223201	0.0081525973748	0.0101751359610	0.0124539711650	0.0150203260898	0.0179085737007	0.0211562939852	0.0248041375585	0.0288954364428	0.0334754620977	0.0385901230483	0.0442838989403	0.0505967201745	0.0575594272110	0.0651873950652	0.0734719239231	0.0823690878115	0.0917860595888	0.1015655633948	0.1114701855240	0.1211698379787	0.1302375152074	0.1381600454154	0.1443705586033	0.1483064609459
18.084123115904	-0.000000000000	6.6314148110e-4	0.0014108650746	0.0022539944278	0.0032041842344	0.0042755627371	0.0054835316133	0.0068453148706	0.0083801326201	0.0101092799158	0.0120563846970	0.0142474537018	0.0167109542130	0.0194776701639	0.0225804622221	0.0260536651437	0.0299321663560	0.0342498659573	0.0390373596976	0.0443185645815	0.0501059758945	0.0563942584447	0.0631518984901	0.0703109550642	0.0777553259536	0.0853087736752	0.0927251094519	0.0996843233000	0.1057996691287	0.1106408685352
20.602449618728	-0.000000000000	4.4598270558e-4	9.4939594881e-4	0.0015177921474	0.0021593603977	0.0028833436106	0.0036999651377	0.0046207807455	0.0056588297268	0.0068286800472	0.0081465526036	0.0096304055154	0.0113000685590	0.0131771752294	0.0152851605120	0.0176490338283	0.0202949655209	0.0232495675914	0.0265387748582	0.0301860772861	0.0342100231917	0.0386206591960	0.0434147194153	0.0485693589648	0.0540344177748	0.0597235243969	0.0655049355724	0.0711938669703	0.0765491336181	0.0812778521653
23.443617491126	-0.000000000000	3.0311257876e-4	6.4513214097e-4	0.0010309659469	0.0014663152622	0.0019573992436	0.0025112857986	0.0031359178018	0.0038402029782	0.0046341189370	0.0055287996765	0.0065366546118	0.0076713889395	0.0089481503677	0.0103834866703	0.0119953109010	0.0138027469521	0.0158258197564	0.0180849211926	0.0205999419456	0.0233889849405	0.0264664531180	0.0298403771240	0.0335087825985	0.0374549555733	0.0416415789304	0.0460039604747	0.0504430087134	0.0548192483633	0.0589499864549
26.649013959808	-0.000000000000	2.0674240515e-4	4.3971993373e-4	7.0300239746e-4	9.9914256973e-4	0.0013333720870	0.0017103165067	0.0021354116526	0.0026147969151	0.0031552960525	0.0037645403536	0.0044510995244	0.0052244563447	0.0060951412327	0.0070747560135	0.0081759916729	0.0094125851450	0.0107992086472	0.0123512345585	0.0140843304165	0.0160138104091	0.0181536496639	0.0205150462031	0.0231043929632	0.0259205234327	0.0289511154365	0.0321682275519	0.0355231256979	0.0389408809723	0.0423157060625
30.265331961029	-0.000000000000	1.4082606909e-4	2.9970266395e-4	4.7893896954e-4	6.8113715807e-4	9.0922842970e-4	0.0011665129952	0.0014567041509	0.0017839764111	0.0021530174648	0.0025690834590	0.0030380566408	0.0035665036043	0.0041617312305	0.0048318357724	0.0055857381929	0.0064331955609	0.0073847736982	0.0084517599208	0.0096459861975	0.0109795218991	0.0124641813498	0.0141107749366	0.0159280151189	0.0179209740529	0.0200889852526	0.0224229010751	0.0249016819353	0.0274884307019	0.0301262296017
34.345250315507	-0.000000000000	9.6328464798e-5	2.0500445429e-4	3.2760843780e-4	4.6592193933e-4	6.2195250001e-4	7.9796145059e-4	9.9649467488e-4	0.0012204164877	0.0014729466516	0.0017577003929	0.0020787310240	0.0024405743881	0.0028482937598	0.0033075229805	0.0038245043591	0.0044061160866	0.0050598813826	0.0057939480657	0.0066170223928	0.0075382345029	0.0085669042921	0.0097121658677	0.0109823961193	0.0123843795409	0.0139221300487	0.0155952868478	0.0173970154780	0.0193113929758	0.0213103596937
38.948201099587	-0.000000000000	6.6036880910e-5	1.4053869196e-4	2.2458930805e-4	3.1941072411e-4	4.2638032888e-4	5.4705018522e-4	6.8316847851e-4	8.3670327233e-4	0.0010098686670	0.0012051533794	0.0014253516381	0.0016735960914	0.0019533921273	0.0022686525583	0.0026237309653	0.0030234510423	0.0034731279152	0.0039785754697	0.0045460910221	0.0051824049538	0.0058945779416	0.0066898218932	0.0075752125050	0.0085572516673	0.0096412276048	0.0108303117739	0.0121243284414	0.0135181431841	0.0149996524307
44.141235390927	-0.000000000000	4.5355949957e-5	9.6525966929e-5	1.5425469968e-4	2.1938181527e-4	2.9285394873e-4	3.7573807345e-4	4.6923642330e-4	5.7470309098e-4	6.9366241043e-4	8.2782919674e-4	9.7913085827e-4	0.0011497312993	0.0013420563809	0.0015588204770	0.0018030533213	0.0020781258309	0.0023877728655	0.0027361098224	0.0031276384847	0.0035672354604	0.0040601136974	0.0046117437275	0.0052277162753	0.0059135215644	0.0066742131864	0.0075139164044	0.0084351338590	0.0094377990815	0.0105180358370
50.000000000000	-0.000000000000	3.1202907915e-5	6.6405703220e-5	1.0612078557e-4	1.5092600500e-4	2.0147292836e-4	2.5849610603e-4	3.2282343931e-4	3.9538775012e-4	4.7723964932e-4	5.6956178685e-4	6.7368454089e-4	7.9110315718e-4	9.2349627584e-4	0.0010727456663	0.0012409568135	0.0014304797342	0.0016439290119	0.0018842014734	0.0021544891212	0.0024582837864	0.0027993683701	0.0031817873396	0.0036097861954	0.0040877057558	0.0046198122452	0.0052100384035	0.0058616046461	0.0065764839173	0.0073546717881
