Multipole
50	#n_radial
4	#l_max
0	#unused
#Phi
#radius	l=0,m=0	l=1,m=-1	l=1,m=0	l=1,m=1	l=2,m=-2	l=2,m=-1	l=2,m=0	l=2,m=1	l=2,m=2	l=3,m=-3	l=3,m=-2	l=3,m=-1	l=3,m=0	l=3,m=1	l=3,m=2	l=3,m=3	l=4,m=-4	l=4,m=-3	l=4,m=-2	l=4,m=-1	l=4,m=0	l=4,m=1	l=4,m=2	l=4,m=3	l=4,m=4
0.0100000000000	-217095.9645804	0	0	0	0	0	1.9579071644727	0	0	0	0	0	0	0	0	0	0	0	0	0	-0.015738402733	0	0	0	0
0.0130709005487	-217048.2819920	0	0	0	0	0	3.2298675541835	0	0	0	0	0	0	0	0	0	0	0	0	0	-0.030165046499	0	0	0	0
0.0170848441153	-216971.9524299	0	0	0	0	0	5.2792609956806	0	0	0	0	0	0	0	0	0	0	0	0	0	-0.059076284708	0	0	0	0
0.0223314298321	-216850.9567170	0	0	0	0	0	8.5004859791151	0	0	0	0	0	0	0	0	0	0	0	0	0	-0.111660409092	0	0	0	0
0.0291891898445	-216662.2660950	0	0	0	0	0	13.311750585462	0	0	0	0	0	0	0	0	0	0	0	0	0	-0.125549550513	0	0	0	0
0.0381528997554	-216373.5255653	0	0	0	0	0	20.389335967112	0	0	0	0	0	0	0	0	0	0	0	0	0	-0.157143003129	0	0	0	0
0.0498692758346	-215942.4074555	0	0	0	0	0	30.411728221072	0	0	0	0	0	0	0	0	0	0	0	0	0	-0.189839689471	0	0	0	0
0.0651836344869	-215316.2367590	0	0	0	0	0	43.958019085421	0	0	0	0	0	0	0	0	0	0	0	0	0	-0.215791859069	0	0	0	0
0.0852008803779	-214433.3395480	0	0	0	0	0	61.599771792759	0	0	0	0	0	0	0	0	0	0	0	0	0	-0.268465734004	0	0	0	0
0.1113652234079	-213225.7184155	0	0	0	0	0	84.140042239411	0	0	0	0	0	0	0	0	0	0	0	0	0	-0.254038347947	0	0	0	0
0.1455643759746	-211621.5741673	0	0	0	0	0	112.59383054970	0	0	0	0	0	0	0	0	0	0	0	0	0	-0.210896438299	0	0	0	0
0.1902657481793	-209548.7484617	0	0	0	0	0	148.16580190019	0	0	0	0	0	0	0	0	0	0	0	0	0	-0.303749808288	0	0	0	0
0.2486944672271	-206938.2406237	0	0	0	0	0	192.35287399045	0	0	0	0	0	0	0	0	0	0	0	0	0	-0.749288472676	0	0	0	0
0.3250660648130	-203729.3533750	0	0	0	0	0	246.63342805903	0	0	0	0	0	0	0	0	0	0	0	0	0	-2.566880274058	0	0	0	0
0.4248906204920	-199876.1185946	0	0	0	0	0	310.59937684841	0	0	0	0	0	0	0	0	0	0	0	0	0	-6.745844374426	0	0	0	0
0.5553703044515	-195358.8130948	0	0	0	0	0	380.81508180887	0	0	0	0	0	0	0	0	0	0	0	0	0	-14.48598964925	0	0	0	0
0.7259190017171	-190196.6972835	0	0	0	0	0	448.75656718989	0	0	0	0	0	0	0	0	0	0	0	0	0	-26.43649111819	0	0	0	0
0.9488415077837	-184459.1193641	0	0	0	0	0	502.73589672217	0	0	0	0	0	0	0	0	0	0	0	0	0	-41.80176115581	0	0	0	0
1.2402212984694	-178273.7461844	0	0	0	0	0	531.03499576673	0	0	0	0	0	0	0	0	0	0	0	0	0	-56.63420598085	0	0	0	0
1.6210809250640	-171812.3505824	0	0	0	0	0	528.09196753120	0	0	0	0	0	0	0	0	0	0	0	0	0	-66.67881911738	0	0	0	0
2.1188987552862	-165258.4673368	0	0	0	0	0	498.42436681489	0	0	0	0	0	0	0	0	0	0	0	0	0	-68.90159100664	0	0	0	0
2.7695914903054	-158751.3526768	0	0	0	0	0	456.52787293411	0	0	0	0	0	0	0	0	0	0	0	0	0	-64.80848148300	0	0	0	0
3.6201054930233	-152322.2109366	0	0	0	0	0	418.85219445635	0	0	0	0	0	0	0	0	0	0	0	0	0	-59.77378601064	0	0	0	0
4.7318038875014	-145866.7860146	0	0	0	0	0	391.06416889336	0	0	0	0	0	0	0	0	0	0	0	0	0	-57.62343408743	0	0	0	0
6.1848938029356	-139184.4993923	0	0	0	0	0	363.15987421244	0	0	0	0	0	0	0	0	0	0	0	0	0	-55.62929567975	0	0	0	0
8.0842131802276	-132072.2499379	0	0	0	0	0	324.74315329302	0	0	0	0	0	0	0	0	0	0	0	0	0	-49.51735615275	0	0	0	0
10.566794649303	-124374.1283784	0	0	0	0	0	274.15741763679	0	0	0	0	0	0	0	0	0	0	0	0	0	-38.30088374904	0	0	0	0
13.811752197929	-115989.0129147	0	0	0	0	0	215.60245670005	0	0	0	0	0	0	0	0	0	0	0	0	0	-26.94545484684	0	0	0	0
18.053203938205	-106887.3324675	0	0	0	0	0	156.69801356637	0	0	0	0	0	0	0	0	0	0	0	0	0	-13.61878738657	0	0	0	0
23.597163326119	-97099.41819111	0	0	0	0	0	102.04272122359	0	0	0	0	0	0	0	0	0	0	0	0	0	-5.087521143632	0	0	0	0
30.843617506651	-86746.39906550	0	0	0	0	0	56.998774469140	0	0	0	0	0	0	0	0	0	0	0	0	0	-1.714439609876	0	0	0	0
40.315385699075	-76049.30836779	0	0	0	0	0	26.014381196876	0	0	0	0	0	0	0	0	0	0	0	0	0	-0.016488367218	0	0	0	0
52.695839705401	-65312.17832098	0	0	0	0	0	7.8027164672393	0	0	0	0	0	0	0	0	0	0	0	0	0	1.0813017000667	0	0	0	0
68.878208011812	-54896.71710053	0	0	0	0	0	-0.608284838975	0	0	0	0	0	0	0	0	0	0	0	0	0	1.3175517872230	0	0	0	0
90.030020689322	-45167.26138807	0	0	0	0	0	-2.828993603816	0	0	0	0	0	0	0	0	0	0	0	0	0	0.7082295375018	0	0	0	0
117.67734468251	-36428.31573942	0	0	0	0	0	-2.725365704839	0	0	0	0	0	0	0	0	0	0	0	0	0	0.3271618953035	0	0	0	0
153.81488691771	-28876.23958345	0	0	0	0	0	-2.007552802547	0	0	0	0	0	0	0	0	0	0	0	0	0	0.1772859717955	0	0	0	0
201.04990898068	-22576.85533497	0	0	0	0	0	-1.247581878587	0	0	0	0	0	0	0	0	0	0	0	0	0	0.0867541792080	0	0	0	0
262.79033656062	-17478.39662687	0	0	0	0	0	-0.694496283170	0	0	0	0	0	0	0	0	0	0	0	0	0	0.0359595092894	0	0	0	0
343.49063543363	-13447.20860801	0	0	0	0	0	-0.357985652648	0	0	0	0	0	0	0	0	0	0	0	0	0	0.0156382895180	0	0	0	0
448.97319351535	-10310.85198330	0	0	0	0	0	-0.173700222700	0	0	0	0	0	0	0	0	0	0	0	0	0	0.0063803906160	0	0	0	0
586.84839614594	-7894.012797430	0	0	0	0	0	-0.081152971916	0	0	0	0	0	0	0	0	0	0	0	0	0	0.0020411253810	0	0	0	0
767.06370231720	-6040.419037542	0	0	0	0	0	-0.036847392372	0	0	0	0	0	0	0	0	0	0	0	0	0	5.0698181127e-4	0	0	0	0
1002.6213367485	-4621.408208972	0	0	0	0	0	-0.016548226201	0	0	0	0	0	0	0	0	0	0	0	0	0	1.1886669224e-4	0	0	0	0
1310.5163780618	-3535.657811837	0	0	0	0	0	-0.007416317219	0	0	0	0	0	0	0	0	0	0	0	0	0	3.1394131412e-5	0	0	0	0
1712.9629245053	-2704.984649723	0	0	0	0	0	-0.003321217350	0	0	0	0	0	0	0	0	0	0	0	0	0	8.2166942977e-6	0	0	0	0
2238.9968029773	-2069.470773572	0	0	0	0	0	-0.001487242543	0	0	0	0	0	0	0	0	0	0	0	0	0	2.1525265988e-6	0	0	0	0
2926.5704540514	-1583.265641135	0	0	0	0	0	-6.659862801e-4	0	0	0	0	0	0	0	0	0	0	0	0	0	5.6417481819e-7	0	0	0	0
3825.2911353591	-1211.290404391	0	0	0	0	0	-2.982282304e-4	0	0	0	0	0	0	0	0	0	0	0	0	0	1.4787238672e-7	0	0	0	0
5000.0000000000	-926.7076892524	0	0	0	0	0	-1.335464107e-4	0	0	0	0	0	0	0	0	0	0	0	0	0	3.8757994350e-8	0	0	0	0

#dPhi/dr
#radius	l=0,m=0	l=1,m=-1	l=1,m=0	l=1,m=1	l=2,m=-2	l=2,m=-1	l=2,m=0	l=2,m=1	l=2,m=2	l=3,m=-3	l=3,m=-2	l=3,m=-1	l=3,m=0	l=3,m=1	l=3,m=2	l=3,m=3	l=4,m=-4	l=4,m=-3	l=4,m=-2	l=4,m=-1	l=4,m=0	l=4,m=1	l=4,m=2	l=4,m=3	l=4,m=4
0.0100000000000	13922.841478525	0	0	0	0	0	366.67575751313	0	0	0	0	0	0	0	0	0	0	0	0	0	-3.588882471770	0	0	0	0
0.0130709005487	17093.882390120	0	0	0	0	0	458.73306234563	0	0	0	0	0	0	0	0	0	0	0	0	0	-5.862344597428	0	0	0	0
0.0170848441153	20865.653347354	0	0	0	0	0	560.27242775777	0	0	0	0	0	0	0	0	0	0	0	0	0	-9.098220279123	0	0	0	0
0.0223314298321	25131.929519475	0	0	0	0	0	657.79780935261	0	0	0	0	0	0	0	0	0	0	0	0	0	-6.953076865507	0	0	0	0
0.0291891898445	29742.900105617	0	0	0	0	0	745.08281704379	0	0	0	0	0	0	0	0	0	0	0	0	0	-1.774798548005	0	0	0	0
0.0381528997554	34451.443796297	0	0	0	0	0	825.42249866574	0	0	0	0	0	0	0	0	0	0	0	0	0	-3.533598649911	0	0	0	0
0.0498692758346	38863.857767094	0	0	0	0	0	876.62619379964	0	0	0	0	0	0	0	0	0	0	0	0	0	-1.917899027967	0	0	0	0
0.0651836344869	42600.398004748	0	0	0	0	0	886.65722273008	0	0	0	0	0	0	0	0	0	0	0	0	0	-2.657447167157	0	0	0	0
0.0852008803779	45294.993313037	0	0	0	0	0	873.91026803829	0	0	0	0	0	0	0	0	0	0	0	0	0	-1.211809909375	0	0	0	0
0.1113652234079	46733.480144756	0	0	0	0	0	848.59793722694	0	0	0	0	0	0	0	0	0	0	0	0	0	1.8328031968798	0	0	0	0
0.1455643759746	46856.173530520	0	0	0	0	0	816.09965337091	0	0	0	0	0	0	0	0	0	0	0	0	0	-0.901600557542	0	0	0	0
0.1902657481793	45741.139734608	0	0	0	0	0	776.16174557122	0	0	0	0	0	0	0	0	0	0	0	0	0	-1.990984052173	0	0	0	0
0.2486944672271	43550.940406748	0	0	0	0	0	737.64755945899	0	0	0	0	0	0	0	0	0	0	0	0	0	-15.34900996588	0	0	0	0
0.3250660648130	40492.480462397	0	0	0	0	0	682.08164638792	0	0	0	0	0	0	0	0	0	0	0	0	0	-31.78588146904	0	0	0	0
0.4248906204920	36780.259928197	0	0	0	0	0	597.86072212439	0	0	0	0	0	0	0	0	0	0	0	0	0	-50.98409171429	0	0	0	0
0.5553703044515	32584.745340232	0	0	0	0	0	476.94255118429	0	0	0	0	0	0	0	0	0	0	0	0	0	-65.86871798591	0	0	0	0
0.7259190017171	28119.484152255	0	0	0	0	0	324.08872317692	0	0	0	0	0	0	0	0	0	0	0	0	0	-72.30829751342	0	0	0	0
0.9488415077837	23561.768582009	0	0	0	0	0	168.41201693833	0	0	0	0	0	0	0	0	0	0	0	0	0	-62.34908104470	0	0	0	0
1.2402212984694	19132.254264492	0	0	0	0	0	38.735539804769	0	0	0	0	0	0	0	0	0	0	0	0	0	-39.68730040274	0	0	0	0
1.6210809250640	15056.991898675	0	0	0	0	0	-41.51987339992	0	0	0	0	0	0	0	0	0	0	0	0	0	-14.51065670668	0	0	0	0
2.1188987552862	11537.214367506	0	0	0	0	0	-68.31779562438	0	0	0	0	0	0	0	0	0	0	0	0	0	2.7688335045348	0	0	0	0
2.7695914903054	8711.9203563902	0	0	0	0	0	-56.66714910112	0	0	0	0	0	0	0	0	0	0	0	0	0	7.6131684393831	0	0	0	0
3.6201054930233	6616.2026734938	0	0	0	0	0	-33.16464869969	0	0	0	0	0	0	0	0	0	0	0	0	0	3.7251792402059	0	0	0	0
4.7318038875014	5154.9017921306	0	0	0	0	0	-20.15533364562	0	0	0	0	0	0	0	0	0	0	0	0	0	1.0635935243504	0	0	0	0
6.1848938029356	4145.8415112132	0	0	0	0	0	-19.40477906841	0	0	0	0	0	0	0	0	0	0	0	0	0	2.0211920666649	0	0	0	0
8.0842131802276	3410.3364682557	0	0	0	0	0	-20.69632005580	0	0	0	0	0	0	0	0	0	0	0	0	0	4.3158991630828	0	0	0	0
10.566794649303	2837.8719668115	0	0	0	0	0	-19.71080800002	0	0	0	0	0	0	0	0	0	0	0	0	0	4.0651458271723	0	0	0	0
13.811752197929	2363.9247773862	0	0	0	0	0	-16.16912886716	0	0	0	0	0	0	0	0	0	0	0	0	0	3.3015039946265	0	0	0	0
18.053203938205	1955.7300898733	0	0	0	0	0	-11.87054942998	0	0	0	0	0	0	0	0	0	0	0	0	0	2.6508127263168	0	0	0	0
23.597163326119	1598.2676493930	0	0	0	0	0	-8.061634427741	0	0	0	0	0	0	0	0	0	0	0	0	0	0.7257329196458	0	0	0	0
30.843617506651	1279.5498906533	0	0	0	0	0	-4.639104959723	0	0	0	0	0	0	0	0	0	0	0	0	0	0.3053514386147	0	0	0	0
40.315385699075	997.89544775716	0	0	0	0	0	-2.215883414576	0	0	0	0	0	0	0	0	0	0	0	0	0	0.1058883842898	0	0	0	0
52.695839705401	753.90416291791	0	0	0	0	0	-0.924501242641	0	0	0	0	0	0	0	0	0	0	0	0	0	0.0690979861732	0	0	0	0
68.878208011812	549.17310103969	0	0	0	0	0	-0.239099281972	0	0	0	0	0	0	0	0	0	0	0	0	0	-0.026545312511	0	0	0	0
90.030020689322	384.78635132827	0	0	0	0	0	-0.027479996013	0	0	0	0	0	0	0	0	0	0	0	0	0	-0.022338621999	0	0	0	0
117.67734468251	259.16560249725	0	0	0	0	0	0.0180793267963	0	0	0	0	0	0	0	0	0	0	0	0	0	-0.007377202422	0	0	0	0
153.81488691771	168.13878776895	0	0	0	0	0	0.0194540611298	0	0	0	0	0	0	0	0	0	0	0	0	0	-0.002537706205	0	0	0	0
201.04990898068	105.53189893561	0	0	0	0	0	0.0124936794299	0	0	0	0	0	0	0	0	0	0	0	0	0	-0.001379531389	0	0	0	0
262.79033656062	64.480932884288	0	0	0	0	0	0.0061914673015	0	0	0	0	0	0	0	0	0	0	0	0	0	-4.340192870e-4	0	0	0	0
343.49063543363	38.633457336496	0	0	0	0	0	0.0027094331212	0	0	0	0	0	0	0	0	0	0	0	0	0	-1.412636492e-4	0	0	0	0
448.97319351535	22.858963479246	0	0	0	0	0	0.0010763080377	0	0	0	0	0	0	0	0	0	0	0	0	0	-5.417726323e-5	0	0	0	0
586.84839614594	13.434542163279	0	0	0	0	0	4.0092610856e-4	0	0	0	0	0	0	0	0	0	0	0	0	0	-1.593487255e-5	0	0	0	0
767.06370231720	7.8727718176034	0	0	0	0	0	1.4327187317e-4	0	0	0	0	0	0	0	0	0	0	0	0	0	-3.821545195e-6	0	0	0	0
1002.6213367485	4.6091771473847	0	0	0	0	0	4.9401794777e-5	0	0	0	0	0	0	0	0	0	0	0	0	0	-5.881613835e-7	0	0	0	0
1310.5163780618	2.6979053550953	0	0	0	0	0	1.6973375897e-5	0	0	0	0	0	0	0	0	0	0	0	0	0	-1.200169133e-7	0	0	0	0
1712.9629245053	1.5791260611413	0	0	0	0	0	5.8165553843e-6	0	0	0	0	0	0	0	0	0	0	0	0	0	-2.400158436e-8	0	0	0	0
2238.9968029773	0.9242848260130	0	0	0	0	0	1.9927347710e-6	0	0	0	0	0	0	0	0	0	0	0	0	0	-4.807176610e-9	0	0	0	0
2926.5704540514	0.5409969334349	0	0	0	0	0	6.8269630568e-7	0	0	0	0	0	0	0	0	0	0	0	0	0	-9.63884797e-10	0	0	0	0
3825.2911353591	0.3166531282271	0	0	0	0	0	2.3388669235e-7	0	0	0	0	0	0	0	0	0	0	0	0	0	-1.93282188e-10	0	0	0	0
5000.0000000000	0.1853415378505	0	0	0	0	0	8.0127846492e-8	0	0	0	0	0	0	0	0	0	0	0	0	0	-3.87578039e-11	0	0	0	0
