CylSpline
30	#size_R
30	#size_z
0	#m_max
#Phi
0	#m
#R(row)\z(col)	0.0000000000000	0.0400000000000	0.0851278715323	0.1360409912583	0.1934810094158	0.2582846534215	0.3313959164593	0.4138798086078	0.5069378708168	0.6119256777272	0.7303725842950	0.8640040038698	1.0147665422511	1.1848563538501	1.3767511330199	1.5932462065724	1.8374952532388	2.1130562432351	2.4239432671319	2.7746850090189	3.1703907157414	3.6168246231808	4.1204899237456	4.6887234982251	5.3298027919616	6.0530663922058	6.8690500631014	7.7896402199175	8.8282470781853	10.000000000000
0.0000000000000	-78318.29535525	-78262.01848340	-78073.35562447	-77719.90909589	-77169.37161049	-76402.43889299	-75411.07537116	-74197.98344834	-72777.68821934	-71172.92524839	-69408.35830319	-67505.89552707	-65481.47262707	-63344.92657847	-61102.57652490	-58759.31142069	-56321.53287001	-53797.93160636	-51199.99756357	-48541.95633366	-45840.54291834	-43114.42703613	-40383.78873435	-37669.47822503	-34992.19707776	-32371.54557697	-29825.22607093	-27368.40401666	-25013.01433831	-22767.56768228
0.2000000000000	-78135.84671187	-78081.81737811	-77895.37105470	-77541.36211275	-76991.30021773	-76226.49619534	-75239.88993682	-74036.26478115	-72630.01485582	-71042.16205008	-69295.29737193	-67409.52423230	-65399.82442691	-63275.72907383	-61043.82653957	-58709.45657274	-56279.30627591	-53762.27576887	-51170.01252855	-48516.89742878	-45819.73352009	-43097.28776914	-40369.77821369	-37658.13515219	-34983.09731466	-32364.31452630	-29819.52889671	-27363.96557342	-25009.58656882	-22764.94361871
0.4256393576616	-77456.29602817	-77404.89562805	-77227.33205598	-76889.05939626	-76361.01938893	-75624.22263646	-74671.78734599	-73508.88060170	-72149.53213611	-70613.02866616	-68918.81789548	-67083.57952128	-65119.89685110	-63036.33946467	-60839.53581006	-58535.51465373	-56131.64462614	-53637.41792527	-51064.94698590	-48428.99552320	-45746.68193860	-43037.03173867	-40320.50790078	-37618.20975354	-34951.04914653	-32338.82970750	-29799.45412152	-27348.28873005	-24997.47286979	-22755.68650317
0.6802049562913	-76251.23502387	-76203.47209341	-76038.51513687	-75724.15410100	-75232.88826725	-74546.15734175	-73656.23651021	-72566.17558305	-71287.40569469	-69835.92536051	-68227.68167603	-66475.83981614	-64590.26396917	-62577.85356764	-60444.71479882	-58197.12892398	-55843.01892382	-53392.50400368	-50858.31532465	-48255.76566272	-45602.47200938	-42917.91738584	-40222.96400135	-37539.06548194	-34887.44318533	-32288.19672886	-29759.52347701	-27317.10690530	-24973.36187317	-22737.25885371
0.9674050470790	-74559.92172416	-74516.52279610	-74366.59625173	-74080.91736945	-73634.35179191	-73009.33950980	-72197.57078338	-71199.67195419	-70023.69774149	-68681.59747823	-67185.30364948	-65544.40214969	-63765.75168958	-61854.04956246	-59814.04765975	-57651.43617537	-55374.03023514	-52992.18605510	-50518.99370951	-47970.22849820	-45364.03751196	-42720.47403050	-40060.92916828	-37407.33880727	-34781.38972543	-32203.64576234	-29692.76832852	-27264.92231353	-24932.99386166	-22706.37599231
1.2914232671074	-72436.50021005	-72397.65258249	-72263.49441636	-72007.95241678	-71608.46752182	-71048.88019503	-70320.61044818	-69422.54847709	-68359.64076517	-67140.10253737	-65771.96211113	-64261.32960531	-62611.97510258	-60826.08114127	-58906.29952167	-56856.76551890	-54684.23278613	-52398.44820809	-50012.24353502	-47541.40258688	-45004.31720169	-42421.46592758	-39814.73581414	-37206.61614425	-34619.38584006	-32074.20996565	-29590.39919886	-27184.77773632	-24870.91330221	-22658.84117205
1.6569795822967	-69928.46601452	-69893.93478805	-69774.86525551	-69548.27990656	-69194.38399743	-68698.63790437	-68052.79710324	-67254.58183170	-66306.56265631	-65213.80632352	-63981.20990592	-62611.81717994	-61106.61231342	-59465.20066669	-57687.80492763	-55776.31547400	-53735.50649387	-51573.51026808	-49301.94030742	-46935.79679964	-44493.08389608	-41994.22485920	-39461.33533113	-36917.34485498	-34385.10682324	-31886.46678340	-29441.53982124	-27067.99558130	-24780.29776555	-22589.35056294
2.0693990430390	-67065.12825214	-67034.61043612	-66929.46573753	-66729.75724649	-66418.40632917	-65982.82086419	-65415.32954299	-64713.09571401	-63877.03430290	-62909.94849441	-61814.21407580	-60590.59058014	-59237.71574057	-57752.99527297	-56134.27624379	-54380.95291482	-52495.26134576	-50482.87569963	-48353.23043998	-46119.53702042	-43798.49671230	-41409.68803057	-38974.89144869	-36517.06355891	-34059.42264516	-31624.44031393	-29233.06597067	-26903.96808855	-24652.69719584	-22491.29967193
2.5346893540841	-63856.26110541	-63829.48667830	-63737.29316195	-63562.67524920	-63291.25064416	-62912.32329517	-62419.12091811	-61808.59369663	-61080.47871990	-60235.94901802	-59275.64008981	-58198.50999535	-57001.61258977	-55680.63304716	-54231.43532357	-52651.11738050	-50939.21513268	-49098.57063027	-47135.73413351	-45061.24063334	-42889.46820720	-40638.22168644	-38328.02923024	-35981.19771907	-33620.83015407	-31269.73472568	-28949.58940128	-26680.05147975	-24477.92596639	-22356.60959965
3.0596283886361	-60301.02199403	-60277.87242898	-60198.37868429	-60048.26436244	-59815.67334544	-59491.70928985	-59070.44413765	-58548.72507961	-57925.52232059	-57200.76127632	-56373.79521839	-55442.38643677	-54402.52068333	-53248.78027215	-51975.58909172	-50578.16197768	-49053.66004987	-47402.11134442	-45626.92891466	-43735.42448100	-41738.85268493	-39652.23126204	-37493.86898524	-35284.52941472	-33046.42109015	-30802.14403957	-28573.71461473	-26381.64764760	-24243.98201272	-22175.61424402
3.6518629214750	-56417.67943528	-56398.18602967	-56331.28918579	-56205.35922403	-56010.83896455	-55740.49622209	-55389.22597144	-54953.83124728	-54432.64084830	-53824.68504845	-53128.30904277	-52340.51560622	-51456.65262275	-50470.66840261	-49376.09853249	-48166.82042719	-46838.14628017	-45387.59769065	-43815.63910776	-42126.19088337	-40326.94220724	-38429.44642671	-36448.88138807	-34403.45503364	-32313.56803563	-30200.76876029	-28086.79731046	-25992.60061022	-23937.23378201	-21937.09883453
4.3200200193490	-52259.15893713	-52243.17438838	-52188.40671919	-52085.63553003	-51927.43413039	-51708.16053134	-51423.52095781	-51070.37290417	-50646.58386288	-50150.45110361	-49579.69643217	-48930.80610416	-48198.81094855	-47377.42204454	-46459.72702104	-45438.82182074	-44308.69299863	-43064.93473291	-41705.37618709	-40230.78314049	-38645.27375288	-36956.61378476	-35176.23589684	-33318.94151420	-31402.30371604	-29445.86102631	-27470.20417381	-25496.01782749	-23542.91671065	-21628.52697569
5.0738327112556	-47910.24791277	-47897.50348976	-47853.92381648	-47772.53994862	-47647.86045778	-47475.55893535	-47252.16125623	-46974.69145474	-46640.82032960	-46248.36804637	-45794.66331725	-45275.99604745	-44687.37027371	-44022.57338282	-43274.65318870	-42436.39858642	-41500.99921305	-40462.67192976	-39317.25132819	-38062.78428304	-36700.09652513	-35233.21253887	-33669.56140159	-32019.96270197	-30298.36127235	-28521.30011375	-26707.23884997	-24875.67216819	-23046.01470522	-21236.58257774
5.9242817692504	-43481.65698644	-43471.76670332	-43438.08010814	-43375.51395499	-43280.20879323	-43149.07260963	-42979.28727848	-42768.29886409	-42513.74997437	-42213.28929394	-41864.11119302	-41462.58091439	-41003.95027876	-40482.38157593	-39891.23330721	-39223.40888666	-38471.82654964	-37629.94543817	-36692.19895128	-35654.57965777	-34515.13969660	-33274.49512648	-31936.18943400	-30506.88969740	-28996.41094055	-27417.53481222	-25785.62875657	-24117.94513022	-22432.71269475	-20748.14624163
6.8837556650996	-39092.54311984	-39085.05943527	-39059.67402090	-39012.78563449	-38941.87034860	-38844.84619777	-38719.63416762	-38564.09697551	-38376.09168244	-38153.33157212	-37893.14171058	-37592.17972672	-37246.17621065	-36849.89817270	-36397.32161360	-35881.82808988	-35296.57473327	-34634.79077212	-33890.18841761	-33057.38973150	-32132.39366713	-31113.02187263	-29999.38015922	-28794.19564635	-27503.08094746	-26134.60834555	-24700.28270193	-23214.18854166	-21692.31535050	-20151.71843958
7.9662310328621	-34849.49309740	-34843.97051760	-34825.28265830	-34791.02713885	-34739.62816318	-34669.82717314	-34580.17653738	-34468.98906708	-34334.43311572	-34174.48236746	-33986.76889099	-33768.38568484	-33515.68200916	-33224.20251035	-32888.75885851	-32503.50294005	-32062.19476970	-31558.37215597	-30985.63463759	-30337.96097463	-29610.04901882	-28797.75323852	-27898.47451729	-26911.56771219	-25838.74697454	-24684.40140088	-23455.82593583	-22163.23483614	-20819.43683842	-19439.23547779
9.1874762661941	-30841.90170007	-30837.91243647	-30824.48439157	-30800.05300503	-30763.76040934	-30714.90523337	-30652.53452967	-30575.39794364	-30482.02374660	-30370.73215897	-30239.54982866	-30086.07795790	-29907.35012913	-29699.74523943	-29458.99432776	-29180.21061532	-28858.01267231	-28486.62335633	-28060.04497964	-27572.24842851	-27017.43052220	-26390.30450232	-25686.44472131	-24902.68374837	-24037.54017424	-23091.65738743	-22068.26169450	-20973.43066377	-19816.15117984	-18608.06366714
10.565281216176	-27137.49764491	-27134.67059044	-27125.22225601	-27108.18174377	-27083.14007663	-27049.76711394	-27007.47518009	-26955.39307066	-26892.40388571	-26817.19384030	-26728.20006511	-26623.54723051	-26500.92696870	-26357.52401869	-26189.98615368	-25994.41777792	-25766.42105011	-25501.13330856	-25193.30314479	-24837.39152395	-24427.71717616	-23958.64253383	-23424.81738849	-22821.50307496	-22144.95366548	-21392.88988506	-20565.03672419	-19663.58636328	-18693.53821921	-17662.79632517
12.119716335660	-23777.37209911	-23775.41605569	-23768.90515004	-23757.26104507	-23740.33248949	-23718.01037916	-23689.97259771	-23655.62340004	-23614.16273471	-23564.61978694	-23505.82312217	-23436.36550009	-23354.52286890	-23258.19628116	-23144.87227667	-23011.56475808	-22854.85902836	-22670.86471398	-22455.25205576	-22203.27074718	-21909.81329290	-21569.50535314	-21176.84339643	-20726.42046417	-20213.23970405	-19633.10454273	-18983.12786216	-18262.30319068	-17471.98188790	-16616.26313467
13.873425045095	-20776.31514713	-20774.99422450	-20770.61479845	-20762.83301423	-20751.63711170	-20737.02650290	-20718.82948896	-20696.66578577	-20669.98506679	-20638.09266706	-20600.15118892	-20555.14601189	-20501.84033749	-20438.72275996	-20363.96990168	-20275.40022158	-20170.45832354	-20046.17696859	-19899.15935324	-19725.56198209	-19521.09144641	-19281.03176845	-19000.30064484	-18673.56409221	-18295.44693352	-17860.81871279	-17365.24134125	-16805.45767667	-16179.91966212	-15489.32986487
15.851953578707	-18128.02606921	-18127.15736491	-18124.28458098	-18119.21720048	-18111.98509725	-18102.62945377	-18091.06513182	-18077.05285044	-18060.22587908	-18040.11096117	-18016.12665695	-17987.56908581	-17953.57463972	-17913.09171401	-17864.83691700	-17807.26628891	-17738.54170426	-17656.47517989	-17558.51686606	-17441.70193079	-17302.62079553	-17137.39465031	-16941.67749186	-16710.69651958	-16439.36357625	-16122.45635172	-15754.91571305	-15332.24870475	-14850.98762177	-14309.22995208
18.084123115904	-15810.57345551	-15810.02189449	-15808.19977854	-15804.99977720	-15800.46011695	-15794.62388090	-15787.44676825	-15778.78161207	-15768.38988831	-15755.95505546	-15741.08682367	-15723.30961352	-15702.03752877	-15676.55408042	-15645.98085022	-15609.25006224	-15565.06762698	-15511.88466502	-15447.84388263	-15370.74700264	-15278.00466182	-15166.58813701	-15033.00612110	-14873.28874373	-14683.02548233	-14457.45260361	-14191.62732459	-13880.69015394	-13520.22248922	-13106.70101508
20.602449618728	-13793.25432778	-13792.91772850	-13791.80680866	-13789.86062248	-13787.10841693	-13783.57931586	-13779.25052403	-13774.02785324	-13767.75708020	-13760.23353424	-13751.20131534	-13740.34170771	-13727.27168579	-13711.50503663	-13692.45421988	-13669.39327478	-13641.43492182	-13607.49911702	-13566.27485928	-13516.18032499	-13455.31570809	-13381.41508759	-13291.80323464	-13183.35766663	-13052.49896807	-12895.21138721	-12707.11783937	-12483.62416546	-12220.15229843	-11912.46339457
23.443617491126	-12042.21480236	-12042.02073683	-12041.37433753	-12040.24339833	-12038.63943280	-12036.58733343	-12034.06312771	-12031.00717390	-12027.32250249	-12022.87809161	-12017.50758080	-12011.00668602	-12003.11533258	-11993.51968823	-11981.82881858	-11967.55395604	-11950.09805567	-11928.71924306	-11902.50949591	-11870.35945424	-11830.91223238	-11782.52625620	-11723.22810909	-11650.66514487	-11562.07397185	-11454.26077558	-11323.61513630	-11166.16591040	-10977.70172911	-10753.97674028
26.649013959808	-10523.82528507	-10523.71596466	-10523.36116942	-10522.73737540	-10521.85108865	-10520.70807427	-10519.29191913	-10517.56389804	-10515.46153315	-10512.90238951	-10509.78062269	-10505.96200169	-10501.28058864	-10495.52880043	-10488.45029427	-10479.72136271	-10468.94122952	-10455.60973665	-10439.10789161	-10418.66915499	-10393.34877035	-10361.98623919	-10323.16682319	-10275.17510511	-10215.96050038	-10143.09606708	-10053.75748747	-9944.730564615	-9812.447269338	-9653.085252669
30.265331961029	-9206.239205772	-9206.183699246	-9206.000227275	-9205.676461179	-9205.211498118	-9204.604410550	-9203.843741997	-9202.902828070	-9201.743249072	-9200.311253274	-9198.539596065	-9196.343569359	-9193.616349037	-9190.223263613	-9185.994393574	-9180.720285270	-9174.131603740	-9165.895481902	-9155.593729012	-9142.705769452	-9126.584212521	-9106.423289603	-9081.233022228	-9049.797177931	-9010.639587298	-8961.985774709	-8901.724393949	-8827.397034354	-8736.189026833	-8624.993838080
34.345250315507	-8066.280289642	-8066.253520130	-8066.164238792	-8066.003688092	-8065.769559008	-8065.458505316	-8065.061086386	-8064.559202601	-8063.928003487	-8063.134062308	-8062.135026811	-8060.875794088	-8059.287970445	-8057.284619674	-8054.755046346	-8051.561357112	-8047.527289583	-8042.431263851	-8035.994550837	-8027.866391172	-8017.607743463	-8004.669841089	-7988.370055121	-7967.863838814	-7942.112439350	-7909.849425644	-7869.546697241	-7819.385348164	-7757.237203473	-7680.668836700
38.948201099587	-7080.740868897	-7080.728178227	-7080.685963967	-7080.609158986	-7080.495107329	-7080.339021187	-7080.132269458	-7079.865280963	-7079.520820799	-7079.077486492	-7078.507777963	-7077.777010969	-7076.840543517	-7075.641656030	-7074.108451433	-7072.149552990	-7069.648467097	-7066.459768002	-7062.396533926	-7057.224255405	-7050.646891368	-7042.292826785	-7031.696025044	-7018.275146998	-7001.308259396	-6979.905049068	-6952.976496593	-6919.203070572	-6877.007349939	-6824.534148907
44.141235390927	-6225.834524906	-6225.828758569	-6225.808185302	-6225.772574764	-6225.715798215	-6225.635805905	-6225.526732673	-6225.380815172	-6225.187233116	-6224.932251911	-6224.598097930	-6224.162118600	-6223.595133529	-6222.860012694	-6221.909356754	-6220.682792687	-6219.103434489	-6217.073018842	-6214.468396914	-6211.131821153	-6206.863861995	-6201.412936780	-6194.461988562	-6185.613100367	-6174.368126078	-6160.107475439	-6142.064757565	-6119.299379737	-6090.668394915	-6054.800211900
50.000000000000	-5481.583937858	-5481.581561027	-5481.573186743	-5481.557034075	-5481.530746919	-5481.491172194	-5481.434409606	-5481.354870474	-5481.245673264	-5481.097791999	-5480.899461536	-5480.635772919	-5480.287440448	-5479.829390344	-5479.230988511	-5478.451539149	-5477.439680558	-5476.129900186	-5474.438779091	-5472.260310369	-5469.459797037	-5465.866570624	-5461.264903526	-5455.382546787	-5447.877214408	-5438.319936062	-5426.176279533	-5410.783494655	-5391.326837196	-5366.813638421

#dPhi/dR
0	#m
#R(row)\z(col)	0.0000000000000	0.0400000000000	0.0851278715323	0.1360409912583	0.1934810094158	0.2582846534215	0.3313959164593	0.4138798086078	0.5069378708168	0.6119256777272	0.7303725842950	0.8640040038698	1.0147665422511	1.1848563538501	1.3767511330199	1.5932462065724	1.8374952532388	2.1130562432351	2.4239432671319	2.7746850090189	3.1703907157414	3.6168246231808	4.1204899237456	4.6887234982251	5.3298027919616	6.0530663922058	6.8690500631014	7.7896402199175	8.8282470781853	10.000000000000
0.0000000000000	-0.000000000000	-0.000000000000	-0.000000000000	-0.000000000000	-0.000000000000	-0.000000000000	-0.000000000000	-0.000000000000	-0.000000000000	-0.000000000000	-0.000000000000	-0.000000000000	-0.000000000000	-0.000000000000	-0.000000000000	-0.000000000000	-0.000000000000	-0.000000000000	-0.000000000000	-0.000000000000	-0.000000000000	-0.000000000000	-0.000000000000	-0.000000000000	-0.000000000000	-0.000000000000	-0.000000000000	-0.000000000000	-0.000000000000	-0.000000000000
0.2000000000000	1962.0432223710	1952.3397399561	1915.2747141774	1858.7692513792	1803.1256895063	1744.3116623933	1668.0385800463	1564.2710715183	1430.3735320911	1273.4767309355	1108.4320846668	950.87832847506	809.87654072871	688.46017931666	585.28629866026	497.08438460735	421.26071044068	355.80979362412	299.17982608824	250.15878561319	207.79324185344	171.29026311298	140.07211155566	113.37669657815	90.955024220720	72.296244476258	56.946453459162	44.442194901933	34.333885246040	26.238681607238
0.4256393576616	3946.8407053965	3934.0248061884	3890.3797444818	3808.0448493123	3680.6442079167	3508.8676107247	3297.3857581795	3051.8676538597	2779.3871196373	2490.0592136179	2197.3905637882	1915.6447470603	1655.5971010682	1422.9926583342	1218.6101886717	1040.0598896756	884.37193157446	748.71381084922	630.58554063807	527.90589208760	438.93226969417	362.19063332881	296.32877582441	240.25433870243	192.94473393078	153.49037236305	120.95969723414	94.436808528926	72.992098783079	55.786735282454
0.6802049562913	5391.6133343689	5376.4533591257	5324.0547513061	5224.3487342326	5069.7519988904	4857.2331579850	4589.8777642947	4276.3279295798	3929.1045520342	3562.2778193184	3190.2760386094	2826.1551435543	2480.6296225467	2160.8277175898	1870.2275626227	1609.2597876189	1376.7747514835	1170.9030012550	989.61601861786	830.83845032579	692.49741351718	572.54717718853	469.24102263839	381.02831776406	306.46303045394	244.08307996910	192.55834896310	150.44657080842	116.35512059281	88.955548903901
0.9674050470790	6286.0333590034	6271.1772853399	6219.7068110838	6121.4074165017	5968.0827436884	5755.8164407921	5486.1514206320	5165.9098684718	4806.1868322426	4420.1380333675	4020.9506463273	3620.5718037903	3229.0885431123	2854.3863785544	2502.3048114689	2176.4500194883	1878.6238070098	1609.2617416731	1367.9714106623	1153.7705782404	965.21533814474	800.47959854430	657.80886809963	535.39651946653	431.47986743522	344.30444520742	272.02558984123	212.77640382849	164.69242958786	126.03180936917
1.2914232671074	6751.7497909994	6738.7257888247	6693.4493041219	6606.7322434202	6470.8568416836	6281.2263270537	6037.7121168801	5744.6219877551	5410.0002445843	5044.0536068081	4656.9944744351	4258.5702832720	3857.4818881495	3461.2676189282	3076.7470129306	2709.6319914484	2364.4434474879	2044.4728807853	1751.7190221428	1487.1611701393	1250.8499338233	1042.0863002565	859.69753559966	702.07097354646	567.47385862207	453.95108757395	359.41067048812	281.61677861165	218.30369822668	167.25249960348
1.6569795822967	6929.2889823533	6918.5840417840	6881.1516174864	6809.0922788144	6695.2668864663	6535.1435854052	6327.3649497128	6074.1964343963	5780.7469968944	5453.9546069834	5101.0373247261	4729.0342247384	4344.5583933290	3953.9078390870	3563.4725805381	3179.5148084693	2808.0808524093	2454.5473379297	2123.3518820103	1817.7785394438	1539.9716582586	1290.8855041863	1070.5728616308	878.30351353088	712.74249862467	572.11879348733	454.28737745722	356.83822177462	277.18117025545	212.73881458652
2.0693990430390	6935.3364214390	6926.5894356336	6896.0987931306	6837.0863079230	6743.2727985432	6610.3934654357	6436.5142705722	6222.5430566264	5971.4967695872	5687.8754616693	5376.3904479342	5041.6969970280	4688.2905539165	4320.6895491583	3943.9780242232	3563.7745045759	3186.2164504932	2817.5349737700	2463.6663362831	2129.8087216783	1820.1347245562	1537.5571955485	1283.8271786326	1059.5433690667	864.31530591193	696.95424374686	555.58982899915	437.86477737595	341.09895502578	262.43943351451
2.5346893540841	6847.9544884523	6840.5826553056	6814.8409250511	6765.0273567771	6685.8373876692	6573.4419297778	6426.0087120934	6243.8142198867	6028.7020299619	5783.5647487582	5511.4493361312	5215.3093059514	4897.7809458306	4561.7356454810	4210.6299387990	3848.7779815132	3481.4070886418	3114.3885032185	2753.9687427819	2406.2491600267	2076.8514956066	1770.4429717875	1490.5429368115	1239.3033407178	1017.6508118819	825.38667298799	661.32812269649	523.52498651304	409.40194492437	316.04282547063
3.0596283886361	6685.4118995563	6678.8388729730	6656.0295925899	6612.1810322660	6542.9278579130	6445.2266424120	6317.6160111161	6160.1806464866	5974.2154369482	5761.6315492978	5524.4164227510	5264.2470351436	4982.6441577165	4681.1228679572	4361.7572295693	4027.4161318481	3681.9660901465	3330.2280935243	2977.7654200151	2630.6099771040	2294.8953148109	1976.3650641225	1679.8837631670	1409.1127262192	1166.4509925946	952.95920099646	768.49900457772	611.83832962762	480.86651349876	372.84871731366
3.6518629214750	6414.3308176501	6408.6296807824	6388.8450129340	6351.0056710931	6291.5433577695	6207.8844525550	6098.7449112376	5964.0900762333	5804.8248146654	5622.2523167062	5417.6682958962	5192.0618147229	4946.1893294024	4680.7142117881	4396.6938012030	4095.7763299418	3780.5099703954	3454.4317229881	3122.0260766724	2788.6119503117	2459.9373169915	2141.8940896156	1840.0192128383	1559.1153144712	1302.9018882095	1073.7925725630	872.85450924993	699.89268503140	553.56885479190	431.64875210718
4.3200200193490	6020.8021827848	6016.0336858698	5999.5036473096	5967.8940235649	5918.3650238553	5848.8591420423	5758.2108359242	5646.2483894777	5513.4676509543	5360.6939515226	5188.6818375953	4997.9221741886	4788.6608323813	4560.9922769556	4315.2515889559	4052.2108730298	3773.3265910871	3480.9609634588	3178.3928757499	2869.8312363908	2560.1892674948	2254.8188044267	1959.2756589866	1678.8592244664	1418.1831573498	1180.7989154956	968.99782908562	783.76905884671	624.80721262105	490.66999317848
5.0738327112556	5509.7086158299	5505.8696833951	5492.6097539247	5467.3227727592	5427.7378014996	5372.2942703127	5300.0844529258	5210.7280958696	5104.3530389410	4981.3596602331	4842.1085110270	4686.6687888648	4514.8590195699	4326.4087589833	4121.1524008526	3899.1795303632	3661.1583524688	3408.4234807834	3143.1221449837	2868.2392411425	2587.5969583841	2305.7403829584	2027.6870702930	1758.5912791631	1503.3629409220	1266.2956449181	1050.6844596869	858.65293847878	691.07407807174	547.47665009011
5.9242817692504	4904.9172325327	4901.9921370538	4891.8999451818	4872.7646447610	4842.9208428669	4801.1759156173	4746.6702050479	4678.9731784503	4597.9688776364	4503.6947872803	4396.1411257765	4275.0935510888	4140.1593265847	3990.7511490341	3826.3672743093	3646.6533611266	3451.6217710654	3241.8187198742	3018.4153524013	2783.3222668174	2539.2160738455	2289.5902938986	2038.5581586711	1790.6696790894	1550.6224654481	1322.9015169999	1111.4282502090	919.22180847627	748.17723998905	598.97303128691
6.8837556650996	4253.7698942315	4251.6336727950	4244.2823040035	4230.4222753735	4208.9321673724	4178.9099978634	4139.6613686718	4090.7499837717	4031.9148056743	3962.9816882384	3883.7051493422	3793.7298675359	3692.4954892267	3579.3074105785	3453.4393858165	3314.2581933559	3161.3316712689	2994.6065058058	2814.4826208680	2621.9432450094	2418.6351127343	2206.9294691577	1989.8622771641	1771.0840096300	1554.6420681440	1344.7356197211	1145.3966466730	960.13333867620	791.64860144902	641.62538673383
7.9662310328621	3601.7177485788	3600.2090760168	3595.0166321229	3585.2874178796	3570.2888526610	3549.4252144299	3522.2137987712	3488.2578274398	3447.2505153850	3398.9222980552	3342.9588621852	3278.9265293002	3206.2553512545	3124.2310726899	3032.0665609386	2928.9923948710	2814.3545649360	2687.6912195845	2548.8637369450	2398.1270675527	2236.2612703715	2064.6239536235	1885.1843228389	1700.5523456735	1513.8522265138	1328.5970320950	1148.4608287792	976.99242938987	817.30937319348	671.79503736133
9.1874762661941	2981.5304704400	2980.4931145510	2976.9520375788	2970.3722775513	2960.2852281140	2946.3566146226	2928.2511201468	2905.6533258084	2878.2717284603	2845.8376874967	2808.0251953298	2764.4276297789	2714.5217914167	2657.6648873762	2593.1294727698	2520.1646751318	2438.0308567232	2346.0859645425	2243.8705156895	2131.1691125687	2008.1137322692	1875.2579137944	1733.6512086359	1584.8850190990	1431.0828489244	1274.8520202819	1119.1637248493	967.17989794323	821.97027374788	686.26056337455
10.565281216176	2418.1615671380	2417.4725690930	2415.1337915854	2410.8167342994	2404.2886935464	2395.3497236433	2383.7845983938	2369.3687440859	2351.8671954852	2331.0334448817	2306.5862171751	2278.1902418249	2245.4065773053	2207.7150572322	2164.5057503290	2115.1191693849	2058.8662476859	1995.0944019432	1923.2066120572	1842.7426464632	1753.4466246829	1655.3286399865	1548.7209926678	1434.3916645424	1313.5337432983	1187.8144270276	1059.3395642544	930.58315145117	804.21519257102	682.86529962720
12.119716335660	1927.9530913221	1927.5031647958	1925.9879121603	1923.2240028390	1919.0898152840	1913.5014252735	1906.3273466050	1897.4231297497	1886.6144630990	1873.7137493411	1858.5008937173	1840.7119746273	1820.0224932617	1796.0310030965	1768.2757201879	1736.2295913853	1699.3270447457	1656.9834484414	1608.6269838575	1553.7229804332	1491.8280759321	1422.6449125852	1346.0700798143	1262.2511359795	1171.6752070648	1075.1906765316	974.05538821501	869.94215348569	764.87350872060	661.07701584179
13.873425045095	1515.8534042229	1515.5670209392	1514.6080168648	1512.8742262402	1510.3250800409	1506.9196959095	1502.5978998627	1497.2695589416	1490.8125515550	1483.0963997377	1473.9586039694	1463.2122086111	1450.6244694276	1435.9160060486	1418.7556800309	1398.7546353584	1375.4919269789	1348.4984664694	1317.3021110255	1281.3878028531	1240.3085930363	1193.6399529204	1141.0474955477	1082.3388668573	1017.5120727937	946.82659680196	870.84720692406	790.50533711133	707.11279391633	622.29227710063
15.851953578707	1180.0825911410	1179.9032808874	1179.3020902925	1178.2338074076	1176.6791530031	1174.6327501392	1172.0707497516	1168.9334186605	1165.1501515871	1160.6328389115	1155.2752333139	1148.9535458727	1141.5049467788	1132.7531541564	1122.4675080398	1110.3848684225	1096.2072931763	1079.5998930205	1060.1832085376	1037.5739116103	1011.3467979165	981.09900103797	946.43001540061	907.00012032976	862.55602978974	812.99050395075	758.40266172877	699.15511778416	635.92523459674	569.71971094733
18.084123115904	912.27830861613	912.17063174329	911.80871105305	911.16630990465	910.25206646146	909.05039608751	907.56827072907	905.77152800280	903.61532520708	901.04398909577	897.98879582773	894.36602003688	890.08186384541	885.01727849283	879.02265083702	871.93779786492	863.54357016793	853.62506979049	841.91733526366	828.12496578754	811.92963743924	792.98803859438	770.93239730811	745.40848329202	716.08217479433	682.68133720507	645.04040536116	603.16575449452	557.27189891791	507.84158604982
20.602449618728	702.74177438567	702.67709458894	702.46187964424	702.08412451272	701.54780085592	700.85903715780	700.01276773711	698.99253898785	697.77586497381	696.32524043286	694.60170505877	692.55618387163	690.12750697261	687.24412212175	683.81232767028	679.72065407099	674.86788945459	669.07458529748	662.17661916181	653.97017822445	644.22504207225	632.68126243308	619.05018159660	603.02300394659	584.28653476228	562.53496566201	537.50460279107	509.01605615424	477.00825597674	441.60707836311
23.443617491126	540.17785696212	540.14297500286	540.01129948660	539.79924103956	539.50052280695	539.11894440100	538.65246661090	538.09407035954	537.43031435501	536.63422141238	535.69216764289	534.56426260247	533.22325277308	531.62308530286	529.70364500890	527.40503645805	524.64742275169	521.33313564468	517.35364664999	512.57234198730	506.83153182282	499.95019452682	491.72009016025	481.90316597624	470.24363203390	456.47511549388	440.33274002908	421.57750392625	400.02325303163	375.59722254386
26.649013959808	415.24259358821	415.22431998768	415.15934914326	415.04561672830	414.88534995475	414.68021080928	414.43126258561	414.13238392065	413.77597555506	413.34999929597	412.84221361230	412.23346840179	411.50360352898	410.62567095232	409.56845635794	408.29198645635	406.74906755317	404.88056130787	402.61613048724	399.86974344943	396.53920628389	392.50281965983	387.61563453287	381.71195656774	374.60273179686	366.07713909409	355.91223205946	343.88098409208	329.77550297426	313.42739885008
30.265331961029	319.46298282273	319.45319186410	319.42096755807	319.36330726309	319.28140493208	319.17664619044	319.04983277864	318.89544711050	318.71050339515	318.48823823776	318.22027528157	317.89698236541	317.50596538067	317.03214713161	316.45686546849	315.75732564246	314.90408445102	313.86258237210	312.58845310411	311.03005038690	309.12149698507	306.78444795786	303.92533571990	300.42949331270	296.16377297327	290.98277272018	284.70823068834	277.15540696050	268.12078623077	257.36984198743
34.345250315507	244.38552117774	244.38088372215	244.36583072819	244.33924191248	244.30134531457	244.25265673238	244.19195917938	244.11839865682	244.02974222419	243.92167361394	243.79029973450	243.62974347475	243.43326820680	243.19207391036	242.89529706978	242.52944177569	242.07746045549	241.51836122792	240.82600914141	239.96795744560	238.90427185786	237.58593634013	235.95325113562	233.93413851178	231.44252147060	228.37718817318	224.62147610069	220.04464777714	214.50613606139	207.86399894611
38.948201099587	187.59268811578	187.59074885496	187.58422167955	187.57276455031	187.55622769946	187.53403002299	187.50659416488	187.47267412987	187.43077977154	187.37879876919	187.31454132701	187.23481145339	187.13568060260	187.01221928486	186.85821854528	186.66589169482	186.42535371472	186.12450174094	185.74755422120	185.27552929945	184.68442695300	183.94454407217	183.01925144155	181.86371361026	180.42352190214	178.63343544127	176.41637328257	173.68306857807	170.33282747818	166.25608959784
44.141235390927	144.49161975244	144.49083815442	144.48817381339	144.48345482453	144.47647721511	144.46713873940	144.45509003976	144.43976201808	144.42033172840	144.39573893173	144.36459175468	144.32518228133	144.27526822753	144.21212339151	144.13199072998	144.03051834245	143.90200164614	143.73924725029	143.53322279830	143.27253846871	142.94293864350	142.52660374902	142.00135497751	141.33982098798	140.50807303180	139.46510511365	138.16134103485	136.53787837918	134.52603598741	132.04769674996
50.000000000000	111.80215875695	111.79929869725	111.79023986852	111.77597110235	111.75908483385	111.74169948256	111.72444088569	111.70720762616	111.68922779002	111.66955025568	111.64717107278	111.62092926146	111.58945479668	111.55106724825	111.50370203900	111.44466395132	111.37071228679	111.27760581415	111.16002841990	111.01127984751	110.82287180195	110.58417924180	110.28185918569	109.89925259291	109.41566440524	108.80554385885	108.03765111966	107.07415101822	105.86988328377	104.37188801731

#dPhi/dz
0	#m
#R(row)\z(col)	0.0000000000000	0.0400000000000	0.0851278715323	0.1360409912583	0.1934810094158	0.2582846534215	0.3313959164593	0.4138798086078	0.5069378708168	0.6119256777272	0.7303725842950	0.8640040038698	1.0147665422511	1.1848563538501	1.3767511330199	1.5932462065724	1.8374952532388	2.1130562432351	2.4239432671319	2.7746850090189	3.1703907157414	3.6168246231808	4.1204899237456	4.6887234982251	5.3298027919616	6.0530663922058	6.8690500631014	7.7896402199175	8.8282470781853	10.000000000000
0.0000000000000	-0.000000000000	2770.0209032074	5533.9520122857	8280.6560759491	10769.157934238	12772.498911276	14221.199074642	15075.599510998	15353.558566995	15152.234238809	14608.376516222	13855.896547034	13008.126180134	12130.762604499	11260.393743231	10407.345531107	9574.2180663568	8761.7391182718	7971.1265443591	7205.3218510098	6468.3237490964	5764.5629510538	5098.5661566745	4474.8070675344	3897.1483165596	3368.5665536378	2890.6702045839	2463.9198248648	2087.5603425887	1759.3894093545
0.2000000000000	-0.000000000000	2686.1793510558	5527.8010216694	8289.4500462019	10746.946646939	12727.251215290	14132.658607011	14939.103574326	15193.530858581	14993.857715127	14469.594962068	13744.421243062	12923.291723596	12067.785197387	11212.987826635	10371.573688124	9546.9544226056	8740.8497715832	7955.1409234568	7193.0491768656	6458.9314277395	5757.4171701436	5093.1243989337	4470.7773013988	3894.1444394330	3366.3681170501	2889.0605873508	2462.7679024639	2086.7562829756	1758.8105172033
0.4256393576616	-0.000000000000	2555.9613827905	5269.9300487851	7938.1737774050	10336.515842768	12276.448308087	13650.544258305	14436.870540482	14692.030999454	14521.824354885	14055.282639701	13402.112876623	12652.413658898	11858.836786139	11052.937394542	10248.831515054	9452.6451520584	8668.2621599629	7899.3277743906	7150.1852409613	6426.1175117114	5732.4030514328	5074.2159283052	4456.5406986923	3883.5773102513	3358.6069373758	2883.4207002798	2458.7077401581	2083.8634526774	1756.7667959703
0.6802049562913	-0.000000000000	2374.7934095625	4895.6608175829	7379.9673609602	9623.7901513347	11454.632067598	12773.202907628	13555.058768782	13847.972644543	13749.142233351	13377.505037760	12830.283589778	12184.949903898	11485.485017145	10758.503511308	10018.240616925	9272.7888233956	8528.4584231126	7790.9823841682	7066.5704713915	6361.8655378602	5683.2853155849	5036.9304452268	4428.4942265293	3862.7017091280	3343.2496208308	2872.2592148994	2450.6708825529	2078.1186137556	1752.7042226167
0.9674050470790	-0.000000000000	2158.1728104621	4449.2013888120	6706.6996652934	8751.3733147515	10434.401506757	11669.684575238	12434.346510934	12767.078966863	12750.460644615	12486.619274063	12059.296790024	11534.387519589	10947.839088615	10321.077177368	9666.5522228557	8992.6364680305	8307.0519142502	7617.3335146145	6931.3426205481	6257.2207652273	5602.8750668396	4975.6210457639	4382.2175191432	3828.1519492136	3317.7527416401	2853.6635915670	2437.2538965864	2068.5223710017	1745.8969093073
1.2914232671074	-0.000000000000	1931.7445760427	3980.6082319375	5998.7674166023	7830.6336423698	9349.3693460939	10482.830067932	11211.648278028	11567.810243398	11620.196906874	11454.585573659	11141.134053785	10734.924721524	10264.820620511	9747.3470717400	9191.7751383798	8604.8842627970	7994.0962616741	7367.5451252292	6734.0416850292	6102.8881756998	5483.2664200277	4883.8791004742	4312.5943222676	3775.9306414493	3279.0642170173	2825.3443752260	2416.7542570819	2053.8236226581	1735.4547423890
1.6569795822967	-0.000000000000	1715.3035307186	3531.4530624597	5316.5435056461	6936.3064003765	8284.9677639565	9304.4963847653	9980.1548090100	10338.985993816	10438.492504169	10349.975295009	10132.113205129	9830.5812365707	9468.2388124203	9057.2788763217	8603.5315964691	8111.2219670958	7585.9973379450	7034.9366754283	6466.5651018186	5890.6296431871	5316.8610598569	4755.0169931465	4214.0361248943	3701.5129286404	3223.5967368387	2784.5593106306	2387.1051671933	2032.5055675932	1720.2635702919
2.0693990430390	-0.000000000000	1516.0141190906	3116.0701267281	4681.3374765583	6097.2573611286	7278.1529104892	8178.6530852160	8788.8048311168	9132.2525536707	9257.0952140308	9222.9747186968	9078.8452810174	8862.6969695266	8592.6674458384	8277.4350487901	7920.0911710225	7522.0581063801	7086.5220306046	6618.4486277021	6124.8748633476	5614.5656346401	5097.1842629097	4582.7715972294	4080.9151764696	3600.1152104206	3147.4707142187	2728.1857563933	2345.9195568581	2002.7463620859	1698.9849447199
2.5346893540841	-0.000000000000	1330.9260867119	2729.0312818169	4087.2591100130	5309.1782457093	6327.0128219177	7107.8038214327	7645.9186872962	7962.2552910469	8097.0129894724	8099.6214363995	8010.7679660900	7861.9135375533	7667.7752603837	7434.6614573247	7163.5571424897	6853.8413230005	6506.2212745069	6123.2440271643	5709.6940211310	5272.5348333031	4820.2575967374	4362.3346267875	3908.3090273393	3467.1453090992	3046.6521141109	2652.9065715813	2290.5161939920	1962.4976529907	1670.0447603852
3.0596283886361	-0.000000000000	1149.0158560303	2350.1892053805	3508.1891410802	4543.7656713885	5405.6982965872	6071.0450100450	6537.4546297641	6822.7090542241	6959.6241091577	6988.4228361163	6942.4246842679	6847.5121319692	6715.7551196033	6551.9859117900	6356.0097219425	6125.8627939821	5860.4191349713	5560.0620698735	5227.3205574419	4867.0111657837	4485.6911075601	4091.3842404474	3692.8444265973	3298.8552498113	2917.4944168366	2555.4564546337	2218.1354213889	1909.4914423740	1631.6641230139
3.6518629214750	-0.000000000000	967.97255728551	1975.0209369950	2938.6247028037	3795.1885048045	4507.9623356804	5063.0365174802	5460.2430716592	5713.4855756015	5848.4847535078	5897.0329056526	5885.6829656305	5835.2368731384	5755.5429071078	5650.4113812242	5519.0375891781	5358.8408006430	5167.6306235067	4944.2498239636	4689.3617460449	4405.6835534674	4097.5646571738	3771.1381051854	3433.7066595542	3093.1932296062	2757.3517888420	2433.0384250923	2126.1689963009	1841.4780052902	1581.9952146727
4.3200200193490	-0.000000000000	793.79252245585	1614.8605746638	2394.1182406126	3081.7777373359	3653.4127358119	4103.3209437446	4433.2673020685	4653.1858092168	4782.2314665044	4844.5510614932	4860.5076110132	4846.2050582694	4809.4028655737	4753.0400150187	4676.0662183792	4575.7368789028	4449.4401913207	4295.1598080973	4112.1420317772	3901.1739496686	3664.7325643247	3406.9900398081	3133.4732810373	2850.6390673111	2565.2967306467	2283.9443782013	2012.6043000999	1756.4422424811	1519.2585852932
5.0738327112556	-0.000000000000	632.55451544335	1282.1032269268	1891.4110530432	2424.5741914527	2868.1087307488	3221.2544882837	3486.8616228556	3672.4605585955	3791.4786756242	3861.0895771213	3896.2471211527	3909.1032285767	3905.4940868606	3887.5796312489	3854.2615070933	3802.9345080302	3730.8758399925	3635.6973999734	3515.7064957755	3370.3998817939	3200.6605437351	3008.8801008632	2798.7212319970	2574.9074535858	2342.8638152008	2108.1993349607	1876.5140930643	1653.0289612646	1441.9643430342
5.9242817692504	-0.000000000000	490.14020257568	989.03483107760	1449.8495758050	1848.6195502308	2180.5500968365	2447.7949643965	2653.9244468528	2804.9619439161	2909.7965060848	2979.8216672094	3025.5479732215	3055.8438115424	3074.9520295881	3084.3902745988	3083.1397745437	3068.9216592583	3039.1590521817	2991.3006062475	2923.3074993155	2833.8950551933	2722.7622589215	2590.8128824471	2439.9973102917	2273.3088566009	2094.5772885162	1908.1260308474	1718.6645681622	1530.9571475722	1349.2863335894
6.8837556650996	-0.000000000000	370.41645310754	743.72747432760	1082.7516937415	1371.3362281199	1610.0128864332	1803.9648670996	1957.5043578945	2075.0231362368	2162.2535197922	2226.4884315881	2274.7777916047	2313.2011537222	2344.7882374004	2370.6300001184	2389.8613259936	2400.5944690239	2400.5898980102	2387.4925804427	2359.1807772405	2314.0136329514	2250.9610183297	2169.8246294446	2071.2008480225	1956.5472278382	1828.1006506237	1688.7184380805	1541.8794689460	1391.4874180577	1241.4338021445
7.9662310328621	-0.000000000000	273.28604522551	545.63437855003	788.07686897756	989.98102667354	1154.9694360565	1289.9535265578	1399.5601224843	1487.0010613961	1555.8591053955	1610.5984616191	1655.6975526944	1695.1320269580	1730.9783755398	1764.0393192763	1793.6824091744	1818.4633073650	1836.6065017489	1846.1446508486	1845.1699237614	1831.9839227596	1805.2402667377	1764.0816680045	1708.1812217695	1637.7902074921	1553.7747046331	1457.5612243297	1351.2927825779	1237.7259879187	1119.9785135808
9.1874762661941	-0.000000000000	196.99977165683	390.86778014842	559.29584738975	695.81278041914	805.61093755652	895.73441099033	970.62864638161	1032.8548508492	1084.6070445414	1128.4446223273	1167.0490618412	1202.8938177992	1237.3596525027	1271.0240017750	1303.4825679583	1333.7448878018	1360.5254967194	1382.3394759589	1397.6414391344	1404.9516732570	1402.9239113119	1390.4494085939	1366.6767293362	1331.0714646784	1283.4853362175	1224.1921301515	1154.0672132078	1074.6635852740	988.07192477376
10.565281216176	-0.000000000000	138.95588531043	273.92452915820	388.10171014603	477.66933731368	548.07257929165	605.76806139376	654.75884031335	697.10340245385	734.15259913688	767.30922487176	798.07880038871	827.92229814977	857.71637980683	887.86659363549	918.16967060235	948.01001757495	976.55140981603	1002.7772155270	1025.5721647824	1043.8032016180	1056.3314815335	1062.0904142539	1060.0516175303	1049.3081519133	1029.1025124308	998.91626130941	958.65497617790	908.79241492083	850.36392988764
12.119716335660	-0.000000000000	95.971600129752	188.01903136083	263.83250339718	321.15632947105	364.84803043660	400.39392102432	431.16432726774	458.79261274515	484.14770853341	507.96219276657	531.05777873425	554.24332253896	578.05201680529	602.76600846043	628.31798053806	654.37627258287	680.46631953940	705.94917727369	730.12856044371	752.22382735344	771.40342758930	786.79478311525	797.45281831372	802.40523125510	800.65970802593	791.30205711216	773.62880216287	747.33399397202	712.55672970516
13.873425045095	-0.000000000000	64.709036548878	126.08466357049	175.37698516016	211.27930915341	237.71026081531	258.97491833879	277.71474572711	295.17167535970	311.91868527668	328.36275848555	344.91422101889	362.00801551918	379.95423699344	398.95723112155	419.01589923214	440.00172759822	461.67435440453	483.70127915095	505.69574637431	527.18029821735	547.62631193186	566.41214540618	582.80394778048	595.95888777014	604.92956334064	608.71984552470	606.38383864799	597.17330897811	580.63899234740
15.851953578707	-0.000000000000	42.445293525729	82.356794190159	113.74869493408	135.85960194425	151.59388688163	164.09414515438	175.29111310403	186.09268784052	196.88724414585	207.90652589197	219.36003052741	231.47841409253	244.43263825715	258.36661430466	273.32673070613	289.28328393898	306.14993937790	323.79194909168	342.02275726973	360.59186189606	379.21379952641	397.49685166780	414.94045206621	430.92514440328	444.68461922379	455.35841098754	462.02173779777	463.80557136712	459.96391727875
18.084123115904	-0.000000000000	26.911278661976	52.074936316808	71.589482863962	85.003980030564	94.297744472043	101.61857356920	108.28993049192	114.94269520094	121.84019788921	129.11347244264	136.87956542239	145.25350707642	154.34205217946	164.24123505451	175.01146122869	186.67370777866	199.22454788324	212.62983277671	226.82975662002	241.72324601381	257.17878449434	272.98069644161	288.83390973095	304.32957973874	318.94156309438	332.02243029810	342.83092210572	350.57050801173	354.45445841661
20.602449618728	-0.000000000000	16.372265906810	31.651580515683	43.430925724962	51.438508776283	56.927557250169	61.258932736802	65.289438736599	69.427645139767	73.844629708299	78.627912241929	83.839814284624	89.547363340595	95.816800199846	102.71369916052	110.28890651843	118.59456370103	127.65295886241	137.48229975812	148.08259993049	159.43578352655	171.49936817307	184.17610234363	197.31384896543	210.67604724283	223.94543660980	236.69299212428	248.39194977982	258.43147397979	266.13458583550
23.443617491126	-0.000000000000	9.4801075990813	18.353343337059	25.214789750590	29.903188555901	33.154826181228	35.774156694391	38.269828771114	40.895877484823	43.759885326335	46.911029482644	50.411172544518	54.262219846357	58.546295805736	63.294783273329	68.553449634980	74.366655826603	80.773201407643	87.802672065019	95.483548834898	103.83574020690	112.85599393927	122.52133118364	132.76306657377	143.46855521881	154.46841817393	165.50852239922	176.25593357443	186.29824363626	195.13481325256
26.649013959808	-0.000000000000	5.1931788825067	10.078241489924	13.909937552906	16.593077505530	18.523231227989	20.140548944900	21.729902982716	23.431392047565	25.311983780217	27.406878753763	29.747470336344	32.353227880945	35.263086349446	38.507146840845	42.121635433657	46.141460109362	50.602360768956	55.540667822536	60.982218878170	66.964449423696	73.500442851099	80.600544514776	88.248392868314	96.400698955047	104.97697309554	113.85065582348	122.83239986893	131.67493298441	140.05005800343
30.265331961029	-0.000000000000	2.6699138860192	5.2084532744423	7.2489121604019	8.7437413812873	9.8806715069673	10.887930325348	11.909661913375	13.021779290112	14.260659313087	15.651271877996	17.212700761844	18.965138139833	20.930317390702	23.131824392420	25.595979924274	28.349603668961	31.421368264367	34.840342036333	38.635766308528	42.836312455752	47.464746816730	52.539532274452	58.068809529588	64.042891648433	70.434694791991	77.183053802032	84.189577309530	91.305339752566	98.290625940526
34.345250315507	-0.000000000000	1.2978197819477	2.5536603054522	3.6031936509967	4.4251970485329	5.1043461392382	5.7441817725478	6.4132626312461	7.1499358731416	7.9743436733212	8.9013387629228	9.9446060902942	11.118075063710	12.437286955012	13.919273965224	15.582662516059	17.447611504299	19.535686430403	21.869652152009	24.473030129402	27.369402521627	30.581354435542	34.128922940616	38.027431651709	42.284474300614	46.895897316234	51.840508664551	57.073621826016	62.519478739527	68.064025386244
38.948201099587	-0.000000000000	0.6050999457118	1.2056962204962	1.7381334540346	2.1917818595543	2.6029874929112	3.0135530229507	3.4557500813069	3.9468329990492	4.4983051925861	5.1189533145621	5.8180041191728	6.6050833700250	7.4909246992391	8.4873831480643	9.6075586450573	10.865793003698	12.277923986076	13.860248848548	15.630946950316	17.608604551516	19.812058238549	22.259639279220	24.968048332574	27.950716387472	31.215558910773	34.762134308574	38.577486263444	42.631624119853	46.872043074402
44.141235390927	-0.000000000000	0.2796054831190	0.5697658987321	0.8442659489356	1.1013952955022	1.3555711759837	1.6224210847307	1.9155615396039	2.2434685507022	2.6124612702007	3.0281669972790	3.4966628277558	4.0245233303551	4.6191966700038	5.2886623856579	6.0421579789110	6.8897364973895	7.8424630137710	8.9123311555621	10.112571653086	11.457025091110	12.960332330103	14.637463379281	16.503244339378	18.571344963379	20.853330267045	23.356853982800	26.083436336740	29.025541323855	32.162936647671
50.000000000000	-0.000000000000	0.1177480230717	0.2462831277768	0.3832875011887	0.5295984221399	0.6886235722984	0.8646652545259	1.0616885947878	1.2835438623117	1.5332606201984	1.8146622682842	2.1317783807783	2.4890809205266	2.8915960227420	3.3449347753866	3.8553626620304	4.4298550323422	5.0761410148076	5.8027186466944	6.6189191545446	7.5348213998707	8.5612642777357	9.7096762823476	10.991841278857	12.419503680131	14.003745526055	15.754139856598	17.677517529816	19.776238941064	22.045987366316
