Multipole
50	#n_radial
4	#l_max
0	#unused
#Phi
#radius	l=0,m=0	l=1,m=-1	l=1,m=0	l=1,m=1	l=2,m=-2	l=2,m=-1	l=2,m=0	l=2,m=1	l=2,m=2	l=3,m=-3	l=3,m=-2	l=3,m=-1	l=3,m=0	l=3,m=1	l=3,m=2	l=3,m=3	l=4,m=-4	l=4,m=-3	l=4,m=-2	l=4,m=-1	l=4,m=0	l=4,m=1	l=4,m=2	l=4,m=3	l=4,m=4
0.0100000000000	-19962.93538101	0	0	0	0	0	-0.004767908024	0	0	0	0	0	0	0	0	0	0	0	0	0	-2.010960703e-4	0	0	0	0
0.0130709005487	-19962.45287129	0	0	0	0	0	-0.006391911882	0	0	0	0	0	0	0	0	0	0	0	0	0	-3.079881198e-4	0	0	0	0
0.0170848441153	-19961.71429273	0	0	0	0	0	-0.008235655134	0	0	0	0	0	0	0	0	0	0	0	0	0	-4.719343319e-4	0	0	0	0
0.0223314298321	-19960.58374930	0	0	0	0	0	-0.009960820616	0	0	0	0	0	0	0	0	0	0	0	0	0	-7.238397371e-4	0	0	0	0
0.0291891898445	-19958.85322479	0	0	0	0	0	-0.010727232702	0	0	0	0	0	0	0	0	0	0	0	0	0	-0.001112212645	0	0	0	0
0.0381528997554	-19956.20430846	0	0	0	0	0	-0.008698166596	0	0	0	0	0	0	0	0	0	0	0	0	0	-0.001714812944	0	0	0	0
0.0498692758346	-19952.14960857	0	0	0	0	0	-1.213394893e-4	0	0	0	0	0	0	0	0	0	0	0	0	0	-0.002660907971	0	0	0	0
0.0651836344869	-19945.94307389	0	0	0	0	0	0.0223542248859	0	0	0	0	0	0	0	0	0	0	0	0	0	-0.004178257594	0	0	0	0
0.0852008803779	-19936.44272284	0	0	0	0	0	0.0727268114570	0	0	0	0	0	0	0	0	0	0	0	0	0	-0.006702741161	0	0	0	0
0.1113652234079	-19921.90053906	0	0	0	0	0	0.1770191785785	0	0	0	0	0	0	0	0	0	0	0	0	0	-0.011125992426	0	0	0	0
0.1455643759746	-19899.65144969	0	0	0	0	0	0.3734661453970	0	0	0	0	0	0	0	0	0	0	0	0	0	-0.016490320099	0	0	0	0
0.1902657481793	-19865.74612420	0	0	0	0	0	0.7204373194480	0	0	0	0	0	0	0	0	0	0	0	0	0	-0.020292782258	0	0	0	0
0.2486944672271	-19814.51792953	0	0	0	0	0	1.3080428340441	0	0	0	0	0	0	0	0	0	0	0	0	0	-0.026981251605	0	0	0	0
0.3250660648130	-19738.02262145	0	0	0	0	0	2.2200782681874	0	0	0	0	0	0	0	0	0	0	0	0	0	-0.038918085969	0	0	0	0
0.4248906204920	-19625.47720463	0	0	0	0	0	3.5001259321144	0	0	0	0	0	0	0	0	0	0	0	0	0	-0.075573518302	0	0	0	0
0.5553703044515	-19462.73430754	0	0	0	0	0	5.0742796206355	0	0	0	0	0	0	0	0	0	0	0	0	0	-0.172541925258	0	0	0	0
0.7259190017171	-19231.99850720	0	0	0	0	0	6.7609763941311	0	0	0	0	0	0	0	0	0	0	0	0	0	-0.356258283894	0	0	0	0
0.9488415077837	-18911.98769428	0	0	0	0	0	8.2476555354993	0	0	0	0	0	0	0	0	0	0	0	0	0	-0.649067070219	0	0	0	0
1.2402212984694	-18478.92643724	0	0	0	0	0	9.2930235417146	0	0	0	0	0	0	0	0	0	0	0	0	0	-0.998633997815	0	0	0	0
1.6210809250640	-17908.87742387	0	0	0	0	0	9.6061750068732	0	0	0	0	0	0	0	0	0	0	0	0	0	-1.352643040514	0	0	0	0
2.1188987552862	-17181.39590638	0	0	0	0	0	8.9545164952245	0	0	0	0	0	0	0	0	0	0	0	0	0	-1.408993159000	0	0	0	0
2.7695914903054	-16283.87079893	0	0	0	0	0	7.4848648591167	0	0	0	0	0	0	0	0	0	0	0	0	0	-1.238427120905	0	0	0	0
3.6201054930233	-15216.50917234	0	0	0	0	0	5.7224900065099	0	0	0	0	0	0	0	0	0	0	0	0	0	-0.855089410677	0	0	0	0
4.7318038875014	-13996.32605882	0	0	0	0	0	3.9198653772008	0	0	0	0	0	0	0	0	0	0	0	0	0	-0.459194227265	0	0	0	0
6.1848938029356	-12657.15020529	0	0	0	0	0	2.4296856182488	0	0	0	0	0	0	0	0	0	0	0	0	0	-0.196045066589	0	0	0	0
8.0842131802276	-11246.67599868	0	0	0	0	0	1.3852897852348	0	0	0	0	0	0	0	0	0	0	0	0	0	-0.052840377836	0	0	0	0
10.566794649303	-9820.032218429	0	0	0	0	0	0.7419570374320	0	0	0	0	0	0	0	0	0	0	0	0	0	0.0083215372709	0	0	0	0
13.811752197929	-8431.439426860	0	0	0	0	0	0.3869861822226	0	0	0	0	0	0	0	0	0	0	0	0	0	0.0177294059176	0	0	0	0
18.053203938205	-7126.957989568	0	0	0	0	0	0.1802738683022	0	0	0	0	0	0	0	0	0	0	0	0	0	0.0108067572547	0	0	0	0
23.597163326119	-5939.899881306	0	0	0	0	0	0.0847578713169	0	0	0	0	0	0	0	0	0	0	0	0	0	-0.005438931488	0	0	0	0
30.843617506651	-4889.419428846	0	0	0	0	0	0.0576649499956	0	0	0	0	0	0	0	0	0	0	0	0	0	-0.016513259511	0	0	0	0
40.315385699075	-3981.849330084	0	0	0	0	0	0.0383110549794	0	0	0	0	0	0	0	0	0	0	0	0	0	-0.006983632490	0	0	0	0
52.695839705401	-3213.594959753	0	0	0	0	0	0.0314621211309	0	0	0	0	0	0	0	0	0	0	0	0	0	-0.003026092203	0	0	0	0
68.878208011812	-2574.290258782	0	0	0	0	0	0.0321979961909	0	0	0	0	0	0	0	0	0	0	0	0	0	-3.734564288e-4	0	0	0	0
90.030020689322	-2049.742913773	0	0	0	0	0	0.0296058600200	0	0	0	0	0	0	0	0	0	0	0	0	0	-4.446638040e-4	0	0	0	0
117.67734468251	-1624.214864635	0	0	0	0	0	0.0208964618701	0	0	0	0	0	0	0	0	0	0	0	0	0	7.5121020801e-4	0	0	0	0
153.81488691771	-1282.071345562	0	0	0	0	0	0.0125688207752	0	0	0	0	0	0	0	0	0	0	0	0	0	6.0144547674e-4	0	0	0	0
201.04990898068	-1008.836256247	0	0	0	0	0	0.0072426880552	0	0	0	0	0	0	0	0	0	0	0	0	0	1.2061205296e-4	0	0	0	0
262.79033656062	-791.7654924527	0	0	0	0	0	0.0040902280556	0	0	0	0	0	0	0	0	0	0	0	0	0	-3.426966388e-4	0	0	0	0
343.49063543363	-620.0204853148	0	0	0	0	0	0.0018332007090	0	0	0	0	0	0	0	0	0	0	0	0	0	-1.540531973e-4	0	0	0	0
448.97319351535	-484.5881858982	0	0	0	0	0	4.8180200281e-4	0	0	0	0	0	0	0	0	0	0	0	0	0	-1.274911428e-4	0	0	0	0
586.84839614594	-378.0887711496	0	0	0	0	0	-3.229756562e-4	0	0	0	0	0	0	0	0	0	0	0	0	0	-6.868477761e-5	0	0	0	0
767.06370231720	-294.5423453278	0	0	0	0	0	-7.933058262e-4	0	0	0	0	0	0	0	0	0	0	0	0	0	1.8934497297e-4	0	0	0	0
1002.6213367485	-229.1399280930	0	0	0	0	0	-0.001000904580	0	0	0	0	0	0	0	0	0	0	0	0	0	3.1545809479e-4	0	0	0	0
1310.5163780618	-178.0364870275	0	0	0	0	0	-8.799539658e-4	0	0	0	0	0	0	0	0	0	0	0	0	0	2.5652676806e-4	0	0	0	0
1712.9629245053	-138.1723767484	0	0	0	0	0	-4.893531474e-4	0	0	0	0	0	0	0	0	0	0	0	0	0	1.1844668834e-4	0	0	0	0
2238.9968029773	-107.1221038497	0	0	0	0	0	-2.574357064e-4	0	0	0	0	0	0	0	0	0	0	0	0	0	1.4753599485e-4	0	0	0	0
2926.5704540514	-82.96979347414	0	0	0	0	0	-1.364361115e-4	0	0	0	0	0	0	0	0	0	0	0	0	0	1.3646395183e-4	0	0	0	0
3825.2911353591	-64.20632940568	0	0	0	0	0	-6.308824384e-5	0	0	0	0	0	0	0	0	0	0	0	0	0	8.1667119972e-5	0	0	0	0
5000.0000000000	-49.64586243036	0	0	0	0	0	-2.565061592e-5	0	0	0	0	0	0	0	0	0	0	0	0	0	5.7567075259e-5	0	0	0	0

#dPhi/dr
#radius	l=0,m=0	l=1,m=-1	l=1,m=0	l=1,m=1	l=2,m=-2	l=2,m=-1	l=2,m=0	l=2,m=1	l=2,m=2	l=3,m=-3	l=3,m=-2	l=3,m=-1	l=3,m=0	l=3,m=1	l=3,m=2	l=3,m=3	l=4,m=-4	l=4,m=-3	l=4,m=-2	l=4,m=-1	l=4,m=0	l=4,m=1	l=4,m=2	l=4,m=3	l=4,m=4
0.0100000000000	144.53397739463	0	0	0	0	0	-0.548781509220	0	0	0	0	0	0	0	0	0	0	0	0	0	-0.031997705384	0	0	0	0
0.0130709005487	169.26031665405	0	0	0	0	0	-0.503985415341	0	0	0	0	0	0	0	0	0	0	0	0	0	-0.037523787082	0	0	0	0
0.0170848441153	198.21669184162	0	0	0	0	0	-0.408938781137	0	0	0	0	0	0	0	0	0	0	0	0	0	-0.044059435820	0	0	0	0
0.0223314298321	232.12677526336	0	0	0	0	0	-0.241966912095	0	0	0	0	0	0	0	0	0	0	0	0	0	-0.051856518120	0	0	0	0
0.0291891898445	271.83803525793	0	0	0	0	0	0.0263290379933	0	0	0	0	0	0	0	0	0	0	0	0	0	-0.061307597153	0	0	0	0
0.0381528997554	318.34291745660	0	0	0	0	0	0.4356267978062	0	0	0	0	0	0	0	0	0	0	0	0	0	-0.073090367642	0	0	0	0
0.0498692758346	372.80364849156	0	0	0	0	0	1.0392535006866	0	0	0	0	0	0	0	0	0	0	0	0	0	-0.088485227481	0	0	0	0
0.0651836344869	436.58128234241	0	0	0	0	0	1.9086278673624	0	0	0	0	0	0	0	0	0	0	0	0	0	-0.110078637789	0	0	0	0
0.0852008803779	511.26971541154	0	0	0	0	0	3.1391094080143	0	0	0	0	0	0	0	0	0	0	0	0	0	-0.143327007525	0	0	0	0
0.1113652234079	598.72854649531	0	0	0	0	0	4.8261602704711	0	0	0	0	0	0	0	0	0	0	0	0	0	-0.190127449724	0	0	0	0
0.1455643759746	700.13615975909	0	0	0	0	0	6.6164802559767	0	0	0	0	0	0	0	0	0	0	0	0	0	-0.108739115502	0	0	0	0
0.1902657481793	813.51936434571	0	0	0	0	0	8.8695277276002	0	0	0	0	0	0	0	0	0	0	0	0	0	-0.091324362432	0	0	0	0
0.2486944672271	935.71533004095	0	0	0	0	0	11.070999221936	0	0	0	0	0	0	0	0	0	0	0	0	0	-0.123101290249	0	0	0	0
0.3250660648130	1062.0825986087	0	0	0	0	0	12.588606565741	0	0	0	0	0	0	0	0	0	0	0	0	0	-0.220814098860	0	0	0	0
0.4248906204920	1186.2964525118	0	0	0	0	0	12.751856269529	0	0	0	0	0	0	0	0	0	0	0	0	0	-0.532773122953	0	0	0	0
0.5553703044515	1300.8049805061	0	0	0	0	0	11.236699307143	0	0	0	0	0	0	0	0	0	0	0	0	0	-0.917949982372	0	0	0	0
0.7259190017171	1396.9020506172	0	0	0	0	0	8.4184983222996	0	0	0	0	0	0	0	0	0	0	0	0	0	-1.227036909026	0	0	0	0
0.9488415077837	1465.8045035914	0	0	0	0	0	5.1615247091029	0	0	0	0	0	0	0	0	0	0	0	0	0	-1.315308871559	0	0	0	0
1.2402212984694	1498.4991500947	0	0	0	0	0	2.1707877962938	0	0	0	0	0	0	0	0	0	0	0	0	0	-1.091595827347	0	0	0	0
1.6210809250640	1487.7401643538	0	0	0	0	0	-0.315110848729	0	0	0	0	0	0	0	0	0	0	0	0	0	-0.631760365486	0	0	0	0
2.1188987552862	1429.6985386979	0	0	0	0	0	-2.024102563413	0	0	0	0	0	0	0	0	0	0	0	0	0	0.1964620495086	0	0	0	0
2.7695914903054	1326.4249254887	0	0	0	0	0	-2.249403241847	0	0	0	0	0	0	0	0	0	0	0	0	0	0.3650631034392	0	0	0	0
3.6201054930233	1184.2020865237	0	0	0	0	0	-1.907755548967	0	0	0	0	0	0	0	0	0	0	0	0	0	0.4492646090033	0	0	0	0
4.7318038875014	1015.3388853381	0	0	0	0	0	-1.323526688750	0	0	0	0	0	0	0	0	0	0	0	0	0	0.2651186690111	0	0	0	0
6.1848938029356	835.37463238160	0	0	0	0	0	-0.773611851252	0	0	0	0	0	0	0	0	0	0	0	0	0	0.1175115500104	0	0	0	0
8.0842131802276	659.56813510762	0	0	0	0	0	-0.380364778161	0	0	0	0	0	0	0	0	0	0	0	0	0	0.0458238441217	0	0	0	0
10.566794649303	500.44669815232	0	0	0	0	0	-0.168412765069	0	0	0	0	0	0	0	0	0	0	0	0	0	0.0090020700899	0	0	0	0
13.811752197929	365.86032289018	0	0	0	0	0	-0.070890491478	0	0	0	0	0	0	0	0	0	0	0	0	0	5.5925384349e-4	0	0	0	0
18.053203938205	258.57462154049	0	0	0	0	0	-0.031692079729	0	0	0	0	0	0	0	0	0	0	0	0	0	-0.003195144350	0	0	0	0
23.597163326119	177.36082373771	0	0	0	0	0	-0.007355384505	0	0	0	0	0	0	0	0	0	0	0	0	0	-0.002682281152	0	0	0	0
30.843617506651	118.54049681072	0	0	0	0	0	-0.002350782346	0	0	0	0	0	0	0	0	0	0	0	0	0	3.2790340400e-4	0	0	0	0
40.315385699075	77.491309747177	0	0	0	0	0	-0.001535194962	0	0	0	0	0	0	0	0	0	0	0	0	0	6.0196968585e-4	0	0	0	0
52.695839705401	49.719360344943	0	0	0	0	0	1.2093577751e-4	0	0	0	0	0	0	0	0	0	0	0	0	0	3.2379888687e-4	0	0	0	0
68.878208011812	31.409109503498	0	0	0	0	0	-8.472259457e-5	0	0	0	0	0	0	0	0	0	0	0	0	0	2.6266550254e-6	0	0	0	0
90.030020689322	19.592376248645	0	0	0	0	0	-2.175625469e-4	0	0	0	0	0	0	0	0	0	0	0	0	0	3.1483621408e-5	0	0	0	0
117.67734468251	12.099235138549	0	0	0	0	0	-3.165153505e-4	0	0	0	0	0	0	0	0	0	0	0	0	0	2.5948066324e-5	0	0	0	0
153.81488691771	7.4142631777781	0	0	0	0	0	-1.597906140e-4	0	0	0	0	0	0	0	0	0	0	0	0	0	-1.870882487e-5	0	0	0	0
201.04990898068	4.5166975782051	0	0	0	0	0	-7.766218192e-5	0	0	0	0	0	0	0	0	0	0	0	0	0	-4.152544079e-6	0	0	0	0
262.79033656062	2.7389816458246	0	0	0	0	0	-3.499767074e-5	0	0	0	0	0	0	0	0	0	0	0	0	0	-5.496021962e-6	0	0	0	0
343.49063543363	1.6548910722442	0	0	0	0	0	-2.062072035e-5	0	0	0	0	0	0	0	0	0	0	0	0	0	3.9442319744e-6	0	0	0	0
448.97319351535	0.9968724464950	0	0	0	0	0	-7.833532422e-6	0	0	0	0	0	0	0	0	0	0	0	0	0	-1.157917581e-6	0	0	0	0
586.84839614594	0.5989514735757	0	0	0	0	0	-4.389369630e-6	0	0	0	0	0	0	0	0	0	0	0	0	0	1.7358645711e-6	0	0	0	0
767.06370231720	0.3590638275962	0	0	0	0	0	-1.335899814e-6	0	0	0	0	0	0	0	0	0	0	0	0	0	8.6646881625e-7	0	0	0	0
1002.6213367485	0.2148300951884	0	0	0	0	0	-3.896109258e-7	0	0	0	0	0	0	0	0	0	0	0	0	0	2.2065102842e-7	0	0	0	0
1310.5163780618	0.1283085560188	0	0	0	0	0	9.5666636886e-7	0	0	0	0	0	0	0	0	0	0	0	0	0	-4.591862062e-7	0	0	0	0
1712.9629245053	0.0765125863259	0	0	0	0	0	7.6186365131e-7	0	0	0	0	0	0	0	0	0	0	0	0	0	-1.102824853e-7	0	0	0	0
2238.9968029773	0.0455611784954	0	0	0	0	0	2.3008006202e-7	0	0	0	0	0	0	0	0	0	0	0	0	0	8.8489403850e-8	0	0	0	0
2926.5704540514	0.0270952604131	0	0	0	0	0	1.3935594033e-7	0	0	0	0	0	0	0	0	0	0	0	0	0	-8.390241536e-8	0	0	0	0
3825.2911353591	0.0160945527504	0	0	0	0	0	4.4493688032e-8	0	0	0	0	0	0	0	0	0	0	0	0	0	-3.308250057e-8	0	0	0	0
5000.0000000000	0.0095497793260	0	0	0	0	0	2.0336265440e-8	0	0	0	0	0	0	0	0	0	0	0	0	0	-1.410251337e-8	0	0	0	0
