CylSpline
30	#size_R
30	#size_z
0	#m_max
#Phi
0	#m
#R(row)\z(col)	0.0000000000000	0.0400000000000	0.0851278715323	0.1360409912583	0.1934810094158	0.2582846534215	0.3313959164593	0.4138798086078	0.5069378708168	0.6119256777272	0.7303725842950	0.8640040038698	1.0147665422511	1.1848563538501	1.3767511330199	1.5932462065724	1.8374952532388	2.1130562432351	2.4239432671319	2.7746850090189	3.1703907157414	3.6168246231808	4.1204899237456	4.6887234982251	5.3298027919616	6.0530663922058	6.8690500631014	7.7896402199175	8.8282470781853	10.000000000000
0.0000000000000	-77401.62343710	-77348.32177742	-77167.96647817	-76830.68798757	-76308.84455481	-75581.52667492	-74637.62588996	-73477.41398985	-72111.92913656	-70560.46997084	-68846.00412238	-66990.04195893	-65008.88288448	-62912.97222764	-60708.80179039	-58401.13588447	-55996.53609514	-53504.18880754	-50935.83206495	-48305.69156499	-45630.53323144	-42929.14323962	-40221.71845350	-37529.02447566	-34871.60457614	-32268.97581827	-29738.77793749	-27296.16838403	-24953.11659104	-22718.19934292
0.2000000000000	-77240.96510626	-77189.62383863	-77012.72559029	-76676.88888171	-76154.55550772	-75426.85234868	-74485.11052388	-73331.05950894	-71976.17582180	-70438.75618412	-68739.68022724	-66898.49050398	-64930.64667671	-62846.38064118	-60652.08261483	-58352.73073258	-55955.30099188	-53469.24469661	-50906.39308611	-48281.02677724	-45610.01195939	-42912.20636765	-40207.87627663	-37517.80341201	-34862.59751621	-32261.80823509	-29733.12429521	-27291.76322154	-24949.71086155	-22715.59348249
0.4256393576616	-76640.92236163	-76591.90324807	-76422.52682760	-76099.55273475	-75594.47047368	-74887.81806177	-73971.63587153	-72849.13192278	-71532.29970050	-70038.28617900	-68385.34468583	-66589.69114046	-64663.84715544	-62616.51604184	-60454.40506945	-58183.48028277	-55811.12201398	-53346.94108005	-50803.13975330	-48194.44592095	-45537.95889539	-42852.72131533	-40159.18117058	-37478.30795200	-34830.87131413	-32236.56517904	-29713.23113895	-27276.21466508	-24937.68657881	-22706.39830475
0.6802049562913	-75546.86290282	-75500.85915585	-75341.92411061	-75038.66041838	-74563.94248205	-73898.92443446	-73035.14097414	-71974.25352177	-70726.44890763	-69306.70352027	-67730.26385053	-66010.03869809	-64155.77314869	-62174.33148353	-60071.66745955	-57853.91224278	-55528.91332063	-53106.75369817	-50600.02045348	-48023.84437927	-45395.72090041	-42735.09907159	-40062.77445682	-37400.02455544	-34767.91010004	-32186.41276033	-29673.65469683	-27245.28640237	-24913.75676208	-22688.09488427
0.9674050470790	-73973.67510112	-73931.37984829	-73785.38419688	-73506.83975036	-73070.82450632	-72459.45950635	-71663.97655221	-70684.48465963	-69528.42481685	-68207.37253104	-66733.06391029	-65115.10132195	-63360.26587845	-61473.16418730	-59458.38183596	-57321.40186579	-55069.84974481	-52713.85887557	-50266.24670622	-47742.47604209	-45160.47372291	-42540.10639046	-39902.61382061	-37269.72196178	-34662.92950498	-32102.65621496	-29607.48843737	-27193.52454903	-24873.68382788	-22657.42309140
1.2914232671074	-71955.32321605	-71917.11924689	-71785.18451771	-71533.61847332	-71139.92892487	-70587.74670490	-69868.31115461	-68980.36254691	-67928.71083569	-66721.61390952	-65367.27467705	-63871.92971969	-62239.43838533	-60471.97140996	-58572.08256369	-56543.70825759	-54393.33813906	-52130.40527338	-49767.38221270	-47319.71273790	-44805.44647689	-42244.73911572	-39659.23026318	-37071.15196046	-34502.55667054	-31974.44298047	-29506.01521913	-27114.02407189	-24812.06388497	-22610.21211187
1.6569795822967	-69524.34763864	-69490.20284083	-69372.39865876	-69148.02818977	-68797.24818756	-68305.40396641	-67664.24603853	-66871.35626121	-65929.42868689	-64843.82110054	-63619.65550738	-62260.28133751	-60766.80310974	-59138.95242292	-57376.95083975	-55482.57419249	-53460.38432539	-51318.19732642	-49067.27256181	-46722.21406646	-44300.62863082	-41822.55818237	-39309.79125944	-36784.94513244	-34270.61401100	-31788.46233494	-29358.45693757	-26998.18974942	-24722.11373920	-22541.19408440
2.0693990430390	-66704.53855621	-66674.36840600	-66570.33886358	-66372.58764311	-66063.96591334	-65631.64132771	-65067.89958400	-64369.78025697	-63538.30413640	-62576.50634825	-61487.07421883	-60270.95766713	-58927.09550539	-57453.05518887	-55846.76067261	-54107.59207762	-52237.64845643	-50242.38504847	-48130.93819413	-45916.15486671	-43614.34678469	-41244.71943031	-38828.67148282	-36388.83537437	-33948.14165407	-31528.86573079	-29151.79055124	-26835.48125118	-24595.46504932	-22443.80814380
2.5346893540841	-63513.81094728	-63487.49068607	-63396.81103905	-63224.83977377	-62957.07290899	-62582.58104354	-62094.33921382	-61489.09138907	-60766.57335647	-59928.03641432	-58974.29058576	-57904.49115482	-56715.94853702	-55404.58726433	-53966.39552810	-52398.46437509	-50700.32710657	-48874.69845266	-46927.90315255	-44870.19924345	-42715.66166832	-40481.76172487	-38188.69317565	-35858.43914316	-33513.81271575	-31177.41765346	-28870.74083086	-26613.34622357	-24421.97813733	-22310.02341681
3.0596283886361	-59973.03740528	-59950.44165404	-59872.70590113	-59725.70112476	-59497.48427649	-59178.90772132	-58763.76075858	-58248.61232618	-57632.27010273	-56914.64387666	-56095.12115380	-55171.63328380	-54140.34206751	-52996.01927311	-51733.18854374	-50347.11349643	-48834.97533085	-47196.74690049	-45435.70824732	-43558.95914428	-41577.53117186	-39506.24585647	-37363.15828228	-35168.71274662	-32944.88050825	-30714.04457241	-28498.04284378	-26317.28608439	-24189.72875594	-22130.23082040
3.6518629214750	-56117.90512792	-56098.89712624	-56033.61422150	-55910.57708652	-55720.20366423	-55455.08834952	-55109.83378364	-54680.97187950	-54166.70585010	-53565.85541852	-52876.88265477	-52096.86012874	-51221.25935092	-50244.11865605	-49159.04213857	-47959.95660282	-46642.19966736	-45203.25257102	-43643.47975975	-41966.66218844	-40180.36385285	-38296.02038266	-36328.63134596	-34296.17634941	-32218.83020971	-30117.96772383	-28015.15873706	-25931.23920217	-23885.16655993	-21893.27783635
4.3200200193490	-52006.03899837	-51990.40852289	-51936.85302009	-51836.30547531	-51681.38264114	-51466.23072860	-51186.36986517	-50838.47506077	-50420.24637796	-49929.87887457	-49365.11138315	-48722.52840463	-47997.24953980	-47183.05118028	-46273.07942363	-45260.45453119	-44139.17127441	-42904.78400602	-41555.08712868	-40090.74187432	-38515.78569401	-36837.88681894	-35068.35743357	-33221.84406692	-31315.77055496	-29369.51423336	-27403.52971612	-25438.38625475	-23493.58694617	-21586.67944509
5.0738327112556	-47718.01135258	-47705.48409908	-47662.66087320	-47582.63481727	-47459.93084104	-47290.15692249	-47069.65214955	-46795.36014051	-46464.84423306	-46075.88273779	-45625.83096329	-45111.05925170	-44526.66743870	-43866.51523586	-43123.72168375	-42291.06564537	-41361.79214823	-40330.08815901	-39191.74972726	-37944.77963010	-36589.94136754	-35131.17472688	-33575.82193784	-31934.60828195	-30221.36954553	-28452.55335148	-26646.48721301	-24822.54594442	-23000.02765701	-21197.16786710
5.9242817692504	-43352.68965408	-43342.89266932	-43309.54220804	-43247.55811888	-43153.06024500	-43022.92608970	-42854.27975831	-42644.48401317	-42391.14400461	-42091.90464740	-41744.02107272	-41343.92694751	-40886.97112297	-40367.38030538	-39778.59271330	-39113.54017489	-38365.18756840	-37526.99741041	-36593.39755471	-35560.35532819	-34425.90066709	-33190.59804772	-31857.94441423	-30434.52629243	-28930.11711838	-27357.41480901	-25731.67865580	-24070.06022925	-22390.68078299	-20711.64745697
6.8837556650996	-39016.72563220	-39009.26447271	-38983.94103002	-38937.16126470	-38866.36767943	-38769.44119500	-38644.27486593	-38488.69271412	-38300.52448895	-38077.51452748	-37817.03310482	-37515.79178712	-37169.59445297	-36773.29085172	-36320.91627835	-35805.90388761	-35221.45526901	-34560.83938343	-33817.78957710	-32986.93974025	-32064.28813121	-31047.66440794	-29937.15348748	-28735.46204574	-27448.17088437	-26083.80689704	-24653.80932929	-23172.17296837	-21654.78698733	-20118.59621350
7.9662310328621	-34811.75516691	-34806.22563530	-34787.47528469	-34753.10712726	-34701.52646158	-34631.43021779	-34541.34044089	-34429.56585033	-34294.25350736	-34133.40210971	-33944.67165869	-33725.19338858	-33471.36840514	-33178.79580987	-32842.32763174	-32456.17082217	-32014.12476195	-31509.77651846	-30936.76359102	-30289.09100964	-29561.50669530	-28749.89192259	-27851.66430909	-26866.20466200	-25795.23663469	-24643.13344731	-23417.16708129	-22127.48905998	-20786.82018442	-19409.87456410
9.1874762661941	-30827.43012525	-30823.41816120	-30809.90698489	-30785.31396524	-30748.75926526	-30699.52228780	-30636.62392915	-30558.80314724	-30464.59633539	-30352.31882851	-30220.01583611	-30065.31569742	-29885.26744648	-29676.28658443	-29434.12178664	-29153.91684479	-28830.32883371	-28457.60972312	-28029.80677687	-27540.93276336	-26985.22819367	-26357.44818606	-25653.22316953	-24869.43518969	-24004.64300811	-23059.52045224	-22037.29170899	-20944.01815032	-19788.63305625	-18582.70679888
10.565281216176	-27134.37327527	-27131.52869921	-27122.01212299	-27104.84107031	-27079.58523707	-27045.90085248	-27003.19485461	-26950.57959979	-26886.93955376	-26810.95335937	-26721.06895631	-26615.41587418	-26491.69518976	-26347.10085333	-26178.29127684	-25981.38259728	-25751.99261416	-25485.27732623	-25176.01064473	-24818.68462859	-24407.65611587	-23937.33585666	-23402.43411301	-22798.26618726	-22121.14846602	-21368.84976906	-20541.12370894	-19640.18147564	-18671.01011678	-17641.48070945
12.119716335660	-23777.98577709	-23776.02093615	-23769.46860664	-23757.74302806	-23740.68436249	-23718.17817292	-23689.87921633	-23655.19778100	-23613.32391373	-23563.28469004	-23503.90835551	-23433.78684701	-23351.19481303	-23254.03624067	-23139.78982565	-23005.48435006	-22847.69670215	-22662.54576520	-22445.70860730	-22192.45384326	-21897.69653791	-21556.09930301	-21162.20419650	-20710.66063182	-20196.52332242	-19615.64927255	-18965.19754632	-18244.19875997	-17454.03384954	-16598.79373819
13.873425045095	-20777.15670878	-20775.82986533	-20771.42516597	-20763.60155065	-20752.33256689	-20737.61532457	-20719.27358455	-20696.92178134	-20670.00430916	-20637.82550558	-20599.54163110	-20554.13901002	-20500.37629213	-20436.73930891	-20361.40047065	-20272.17661686	-20166.50633111	-20041.42135720	-19893.52385236	-19718.97380385	-19513.49526516	-19272.38664240	-18990.59268871	-18662.81802128	-18283.72781553	-17848.24297454	-17351.96616576	-16791.68077057	-16165.88231322	-15475.28928081
15.851953578707	-18127.79262493	-18126.92269546	-18124.03781521	-18118.94625361	-18111.67522744	-18102.26153713	-18090.61987208	-18076.50584453	-18059.55092445	-18039.27676365	-18015.10209324	-17986.31918482	-17952.06285394	-17911.27665351	-17862.67748400	-17804.71368715	-17735.53666602	-17652.96332261	-17554.43729149	-17436.99241010	-17297.22350624	-17131.25598355	-16934.75988595	-16702.98113621	-16430.85788743	-16113.19934980	-15744.98330994	-15321.74705675	-14840.05800654	-14298.05126537
18.084123115904	-15808.99318037	-15808.44079923	-15806.61284422	-15803.40088086	-15798.84067332	-15792.97632975	-15785.75983023	-15777.04451388	-15766.58599628	-15754.06970143	-15739.10278432	-15721.20720524	-15699.79443345	-15674.14485336	-15643.37946833	-15606.42622730	-15561.98831537	-15508.50850808	-15444.13054316	-15366.65360515	-15273.48133205	-15161.59543960	-15027.50365005	-14867.24511566	-14676.42296123	-14450.28957824	-14183.92747028	-13872.49270137	-13511.60062963	-13097.75214395
20.602449618728	-13790.51352706	-13790.17691371	-13789.06308031	-13787.11150603	-13784.35001991	-13780.80915503	-13776.46237803	-13771.21517293	-13764.91341924	-13757.35197484	-13748.27094147	-13737.35452717	-13724.21163746	-13708.36101180	-13689.21154428	-13666.03399734	-13637.93914807	-13603.84414930	-13562.43496570	-13512.12719118	-13451.01920782	-13376.84493948	-13286.92948395	-13178.15323668	-13046.94177494	-12889.28649620	-12700.81658841	-12476.95377024	-12213.13875921	-11905.15396805
23.443617491126	-12038.67063075	-12038.47350920	-12037.82665043	-12036.69374289	-12035.09044304	-12033.03143300	-12030.49956225	-12027.43282445	-12023.73483593	-12019.27320925	-12013.88100778	-12007.35289281	-11999.42917320	-11989.79486625	-11978.05615223	-11963.72589308	-11946.20249037	-11924.74383701	-11898.44180207	-11866.18172640	-11826.60750120	-11778.07672176	-11718.61231914	-11645.86513943	-11557.07082376	-11449.03632662	-11318.15872616	-11160.46898455	-10971.76847406	-10747.81919454
26.649013959808	-10519.83681324	-10519.72666945	-10519.37078339	-10518.74688046	-10517.85842960	-10516.71431213	-10515.29473014	-10513.56297511	-10511.45592143	-10508.88993079	-10505.75864459	-10501.92966390	-10497.23370632	-10491.46634518	-10484.36714312	-10475.61346789	-10464.80306371	-10451.43552560	-10434.89084738	-10414.40133220	-10389.02038911	-10357.58647171	-10318.68517219	-10270.59962168	-10211.27823379	-10138.29585129	-10048.82756990	-9939.662570730	-9807.234809149	-9647.728492319
30.265331961029	-9202.072389433	-9202.016895382	-9201.833217936	-9201.508734559	-9201.044067612	-9200.436968817	-9199.675507354	-9198.733651333	-9197.570743566	-9196.138415477	-9194.364471363	-9192.165426527	-9189.434048690	-9186.035744902	-9181.799048394	-9176.516551258	-9169.916993152	-9161.667643090	-9151.350381832	-9138.443039223	-9122.296954176	-9102.106765162	-9076.881761938	-9045.404008893	-9006.198797851	-8957.488744644	-8897.164197485	-8822.766691363	-8731.483413451	-8620.209651060
34.345250315507	-8062.188762645	-8062.161932948	-8062.072025525	-8061.911476375	-8061.677891832	-8061.366929587	-8060.969339597	-8060.467226984	-8059.835762462	-8059.041259082	-8058.040913351	-8056.780919776	-8055.192008920	-8053.187241461	-8050.656254606	-8047.460125620	-8043.422919132	-8038.322909122	-8031.881062052	-8023.746409279	-8013.479528024	-8000.531334679	-7984.218946160	-7963.697017204	-7937.926699278	-7905.641138428	-7865.312059583	-7815.120933241	-7752.939851409	-7676.336049662
38.948201099587	-7076.882511349	-7076.869937611	-7076.827874177	-7076.751549560	-7076.636823324	-7076.480667943	-7076.274887326	-7076.007381645	-7075.662765259	-7075.219284870	-7074.649597768	-7073.918432624	-7072.981617599	-7071.782382125	-7070.248617178	-7068.289131431	-7065.787751308	-7062.597480166	-7058.532826903	-7053.358274265	-7046.778278090	-7038.420779372	-7027.819687268	-7014.393329790	-6997.420016818	-6976.009028319	-6949.071245459	-6915.287376158	-6873.079690469	-6820.593965776
44.141235390927	-6222.272890777	-6222.267028922	-6222.247581150	-6222.210771617	-6222.154089674	-6222.074104911	-6221.964786675	-6221.818820594	-6221.625296610	-6221.370587567	-6221.036554039	-6220.600488204	-6220.033448488	-6219.298232377	-6218.347454073	-6217.120721501	-6215.541116140	-6213.510900060	-6210.905916707	-6207.568761404	-6203.300150724	-6197.848410280	-6190.896493352	-6182.046298103	-6170.799901145	-6156.537471550	-6138.492777463	-6115.725265358	-6087.092159125	-6051.222130629
50.000000000000	-5478.336779269	-5478.334351819	-5478.325981020	-5478.309828805	-5478.283589836	-5478.244015585	-5478.187208523	-5478.107994539	-5477.998940726	-5477.851078678	-5477.652806990	-5477.389117997	-5477.040797100	-5476.583269508	-5475.984895390	-5475.205486176	-5474.193673758	-5472.883940864	-5471.192882931	-5469.014451380	-5466.213979920	-5462.620934269	-5458.019477007	-5452.137409746	-5444.632413715	-5435.075731460	-5422.932794410	-5407.541180078	-5388.086224284	-5363.575547228

#dPhi/dR
0	#m
#R(row)\z(col)	0.0000000000000	0.0400000000000	0.0851278715323	0.1360409912583	0.1934810094158	0.2582846534215	0.3313959164593	0.4138798086078	0.5069378708168	0.6119256777272	0.7303725842950	0.8640040038698	1.0147665422511	1.1848563538501	1.3767511330199	1.5932462065724	1.8374952532388	2.1130562432351	2.4239432671319	2.7746850090189	3.1703907157414	3.6168246231808	4.1204899237456	4.6887234982251	5.3298027919616	6.0530663922058	6.8690500631014	7.7896402199175	8.8282470781853	10.000000000000
0.0000000000000	-0.000000000000	-0.000000000000	-0.000000000000	-0.000000000000	-0.000000000000	-0.000000000000	-0.000000000000	-0.000000000000	-0.000000000000	-0.000000000000	-0.000000000000	-0.000000000000	-0.000000000000	-0.000000000000	-0.000000000000	-0.000000000000	-0.000000000000	-0.000000000000	-0.000000000000	-0.000000000000	-0.000000000000	-0.000000000000	-0.000000000000	-0.000000000000	-0.000000000000	-0.000000000000	-0.000000000000	-0.000000000000	-0.000000000000	-0.000000000000
0.2000000000000	1704.7740730894	1694.0167583351	1660.8392190993	1616.5702652334	1576.9638306366	1540.5695481683	1493.3815766000	1420.4648207729	1315.8540263267	1185.1593133898	1042.0592834331	901.74829390956	773.54848698915	661.46880921078	565.54849667248	483.03344804645	411.27450360408	348.59107382620	293.94668977971	246.34543841295	204.95055675913	169.13662006739	138.43834267732	112.14663537435	90.037195953197	71.616957359292	56.448751364318	44.084400669020	34.083576646631	26.063650226639
0.4256393576616	3531.5203101744	3521.0276855870	3484.8389865335	3417.1602643838	3314.3567431625	3176.6440071478	3006.3220127721	2806.1269419186	2579.0763208606	2331.0855672070	2073.0878201293	1819.0908165382	1581.7638356387	1368.6123188464	1179.9085741182	1012.3725450503	864.04341597859	733.75200289966	619.67601791354	519.89368839591	432.93151942375	357.63865090015	292.87493971243	237.65061487357	190.99486594116	152.04258026198	119.89813598628	93.672542581304	72.455062730505	55.413064758999
0.6802049562913	4953.9972101907	4941.2675183575	4897.2343716032	4813.2212841304	4682.3630797283	4501.4453849713	4272.1799672396	4000.7310526072	3696.6431077565	3371.0975068784	3036.3493366599	2704.4208584747	2385.7990729837	2088.0619666137	1815.3217709705	1568.5361539181	1346.8325971294	1148.7841826203	973.12117537004	818.45741120837	683.13511744784	565.40740238992	463.79048852611	376.89337308324	303.35644960568	241.77622985780	190.86805089661	149.22956125991	115.49439622165	88.352382387947
0.9674050470790	5909.9441514522	5896.9702429820	5851.8839884079	5765.5103389136	5630.3234643397	5442.2808049113	5201.8053067790	4913.7898812653	4587.2737713350	4233.6529957940	3864.8661332899	3492.1280344545	3125.1726948148	2771.7564348742	2437.5839740361	2126.3019640716	1840.1357744316	1580.0624596152	1345.9854716843	1137.1144695156	952.42576988997	790.61102233901	650.23906662049	529.63190501430	427.12208951315	341.04205458186	269.63347346130	211.05292660698	163.47088968656	125.17381044446
1.2914232671074	6481.6439642441	6469.7613274369	6428.4474914750	6349.1302973251	6224.2815879941	6049.0026883609	5822.6331567289	5548.7983026277	5234.5805379712	4889.2099077811	4522.2380478429	4143.0595926773	3760.0222076344	3380.3269886384	3010.5196071741	2656.1700190124	2321.8027996553	2010.8315711342	1725.3910219980	1466.6185248431	1234.8024842139	1029.5617409425	849.96061567401	694.57495068528	561.77399685016	449.67991423651	356.26270169237	279.33775605430	216.68142269588	166.11298064297
1.6569795822967	6774.0780892879	6763.7715069924	6727.7316657559	6658.2425427169	6548.2546283003	6393.2639948295	6191.8516586151	5946.1378220865	5661.0609615888	5343.3638115888	5000.0892332350	4638.0902662181	4263.7892435648	3883.2527179576	3502.6129060257	3127.8834718929	2764.8941344734	2418.8774215793	2094.2161826015	1794.2071755387	1521.0597687339	1275.8296780925	1058.7036956669	869.06164783482	705.66203427507	566.78324067879	450.33350331700	353.95916266336	275.12470328278	211.29414783745
2.0693990430390	6871.1790874926	6862.2905578359	6831.3044257582	6771.4284346101	6676.4891883939	6542.4083835825	6367.4702942981	6152.7929660507	5901.6099170028	5618.6306245728	5308.7636267961	4976.7069424020	4626.8416834385	4263.5171637693	3891.6658257050	3516.7676112747	3144.7453304455	2781.5895221573	2433.0215839870	2104.0888704457	1798.8759509690	1520.2514709286	1269.9571816410	1048.6076462505	855.84691888577	690.51732301993	550.79045055325	434.35602669931	338.58370612902	260.66703003568
2.5346893540841	6823.2101898803	6815.5650264863	6788.9401070958	6737.5656412351	6656.1416680147	6540.9340170771	6390.3081605293	6204.8330921656	5986.6453400526	5738.9001131474	5464.8977349210	5167.7645967856	4850.1915218517	4514.9916140490	4165.6427257546	3806.3610079214	3442.2480810192	3078.9729011059	2722.5944849133	2379.0536025156	2053.7812259399	1751.2689261282	1474.9021639778	1226.7928678841	1007.8484087520	817.87100458276	655.68740768926	519.37929715991	406.41350437425	313.92791993235
3.0596283886361	6650.0762645250	6643.5040635981	6620.6541879771	6576.6295386257	6506.9666730804	6408.5608197024	6279.9188587181	6121.2223166333	5933.9166471012	5720.0937830910	5481.8313563885	5220.9111797081	4939.0204360933	4637.8632993770	4319.5603089908	3986.9358229829	3643.8129865725	3294.9496713060	2945.8331268648	2602.3690705299	2270.4935049080	1955.7327463825	1662.7880177650	1395.2520749469	1155.4661107110	944.45397223453	762.06126001154	607.07145845804	477.40906469862	370.38800364049
3.6518629214750	6354.7979094689	6349.2454849193	6329.9420740232	6292.8720273715	6234.3556458086	6151.7807926189	6043.8136314733	5910.3126094377	5752.1599397955	5570.7167155502	5367.3235049068	5142.9936506495	4898.5609947926	4634.7911246990	4352.7874716150	4054.2181556263	3741.6576258900	3418.6358239914	3089.5739512616	2759.6916162289	2434.6335697750	2120.2098289849	1821.8479054642	1544.2291286931	1290.9783264834	1064.4559458549	865.71376496788	694.55677709191	549.66906839192	428.85277262959
4.3200200193490	5943.0065458847	5938.4275584757	5922.5388883755	5892.0748342183	5844.1622570073	5776.6798632065	5688.3722191367	5578.9533651999	5448.8339177344	5298.7942882278	5129.5952209511	4941.7443752949	4735.4823156207	4510.9017498565	4268.3520790655	4008.6205592046	3733.1804009612	3444.3783834793	3145.4396661559	2840.5004927352	2534.4439403508	2232.6186913256	1940.5275173758	1663.3633259303	1405.6417705800	1170.8706333430	961.31923904415	777.96948272664	620.52482011556	487.57170899820
5.0738327112556	5429.0995870186	5425.4262453914	5412.7377194733	5388.5401849176	5350.6261191044	5297.2989484626	5227.5301950399	5140.8989255253	5037.4617217572	4917.5278333892	4781.4236478682	4629.2349071135	4460.7840222400	4275.7803155256	4074.0557480746	3855.6794452249	3621.3014821441	3372.2346176212	3110.5876067961	2839.3207008348	2562.2288228818	2283.8127453759	2009.0460759494	1743.0362209717	1490.6404409175	1256.1096676021	1042.7096387783	852.55103498209	686.50799746064	544.13500450696
5.9242817692504	4838.7678854366	4835.9539093863	4826.2386921936	4807.8049253255	4779.0080623131	4738.6233276968	4685.7399282400	4619.8808970077	4540.8835794131	4448.7522901915	4343.4681735979	4224.8264881720	4092.4436309229	3945.7334673251	3784.1812184875	3607.4242582838	3415.4486272192	3208.7674426638	2988.5204808683	2756.5890506988	2515.6147632642	2269.0301194253	2020.9162160336	1775.7824962150	1538.2894951507	1312.8891019150	1103.4696217964	913.03495316803	743.47567714340	595.48020932465
6.8837556650996	4208.7526621376	4206.6691756671	4199.5030341550	4185.9653783823	4164.9275570041	4135.5000397020	4096.9899356645	4048.9168539235	3990.9967632468	3923.0678640322	3844.9006297255	3756.1461489087	3656.2663973039	3544.5850138237	3420.3862343270	3283.0320334982	3132.0847900161	2967.4740671032	2789.5726776372	2599.3299244855	2398.3561805296	2188.9879838572	1974.2223702793	1757.6686217096	1543.3345060532	1335.3844810355	1137.8197713537	954.12720582111	786.99527256850	638.10351358049
7.9662310328621	3575.2765209610	3573.7852974066	3568.6530325400	3559.0297025947	3544.1822296775	3523.5080592104	3496.5167418275	3462.7987890291	3422.0472172355	3373.9991897146	3318.3517262689	3254.6910674978	3182.4701157436	3100.9976044911	3009.4997058033	2907.2245372976	2793.5203613918	2667.9278637804	2530.3023846968	2380.8861041672	2220.4390682807	2050.2964438542	1872.3970817592	1689.3198448380	1504.1545673876	1320.3801408537	1141.6396584147	971.45275725806	812.91358161762	668.39071813804
9.1874762661941	2968.6796677221	2967.6425021363	2964.1012100488	2957.5220623543	2947.4335138346	2933.4908748320	2915.3542169522	2892.7047769396	2865.2542997435	2832.7399113259	2794.8418464883	2751.1693338087	2701.2152689484	2644.3543454522	2579.8728965509	2507.0350408066	2425.1133294462	2333.4763999837	2231.6730687728	2119.4919285724	1997.0644486927	1864.9351768783	1724.1426430958	1576.2612383698	1423.3964091842	1268.1297526999	1113.4108741097	962.36677274909	818.03892445711	683.12858695067
10.565281216176	2413.5349829311	2412.8402111637	2410.4840698296	2406.1333440369	2399.5496848730	2390.5310077337	2378.8580400654	2364.3054810917	2346.6389626015	2325.6154880843	2300.9587344206	2272.3416532403	2239.3329436351	2201.4222805332	2158.0080678665	2108.4416624818	2052.0458068573	1988.1785862903	1916.2529223951	1835.8203991531	1746.6301043914	1648.7004805828	1542.3655476718	1428.3915378482	1307.9673336267	1182.7536663958	1054.8402873913	926.67888976124	800.91114716075	680.14187519963
12.119716335660	1927.0725849834	1926.6182579066	1925.0886346346	1922.2973466377	1918.1184142353	1912.4660747002	1905.2068243452	1896.1944483080	1885.2540292246	1872.1995424066	1856.8131557662	1838.8329289844	1817.9380370464	1793.7300134396	1765.7514559978	1733.4799994721	1696.3559998745	1653.8014418112	1605.2526172005	1550.1823759744	1488.1568877212	1418.8888644680	1342.2843437910	1258.4991579505	1168.0266276691	1071.7150819629	970.82107327468	867.00516925776	762.28046848757	658.85207311220
13.873425045095	1516.2066139533	1515.9175397056	1514.9508367316	1513.2024040300	1510.6296722737	1507.1914977712	1502.8233099752	1497.4352720243	1490.9042993014	1483.1001437107	1473.8594400962	1462.9974759186	1450.2807300632	1435.4295005094	1418.1152790246	1397.9493584091	1374.5129527064	1347.3387613786	1315.9579934239	1279.8596042082	1238.6038219753	1191.7734783728	1139.0434226100	1080.2321833798	1015.3456867365	944.64922170253	868.71079293045	788.46477943940	705.22046499138	620.59240420813
15.851953578707	1180.7149224369	1180.5338936517	1179.9294934861	1178.8534470256	1177.2852903830	1175.2226588872	1172.6368107588	1169.4673185543	1165.6460476182	1161.0809224180	1155.6685451078	1149.2787034346	1141.7593143758	1132.9251683205	1122.5468275714	1110.3634404860	1096.0740729359	1079.3444830294	1059.8005193472	1037.0483306650	1010.6820855793	980.29030700146	945.48374208691	905.92815918649	861.37714850610	811.73159426640	757.09622594903	697.83963615146	634.64133407144	568.50769655169
18.084123115904	912.82643284161	912.71693326179	912.35321311064	911.70686156207	910.78146013872	909.57656850845	908.08227500768	906.27063495119	904.09458877145	901.49955901826	898.41492181136	894.75938579115	890.43675997355	885.32759105321	879.28211537943	872.14018443626	863.68143742505	853.69101442462	841.90365397792	828.02380007250	811.73417892580	792.69360092292	770.53598935057	744.91106231121	715.48791697770	682.00204270877	644.29522342961	602.37281393972	556.45636407098	507.03076139424
20.602449618728	703.11518396303	703.04995581648	702.83417280004	702.45476908647	701.91545620984	701.22201242570	700.37043307689	699.34314793173	698.11619801650	696.65501406313	694.91697362038	692.85542004452	690.40732915538	687.50030988824	684.04340658950	679.92145014642	675.03466093669	669.20240730204	662.25973342514	654.00403207573	644.20361448734	632.59905004175	618.90405007663	602.81089958809	584.00720723035	562.19108325828	537.10186672227	508.56238323462	476.51699573685	441.09244950300
23.443617491126	540.38162578155	540.33574189300	540.21471986706	540.00156036314	539.70197393525	539.31850042318	538.85069517761	538.28872946795	537.62116312770	536.81993609785	535.87177881701	534.73653975279	533.38701814472	531.77632402890	529.84460754801	527.53188977070	524.75720795956	521.42446937916	517.42170485130	512.61431053101	506.84480334637	499.93112279576	491.66507339010	481.80973050646	470.11046650980	456.29982734734	440.11614935560	421.32215499353	399.73455371842	375.28048407092
26.649013959808	415.32859240418	415.30921797584	415.24416909590	415.13013302292	414.96949072589	414.76369275587	414.51388683903	414.21384851716	413.85592870348	413.42802216302	412.91771935299	412.30621483053	411.57240394043	410.69007670925	409.62753659584	408.34473442030	406.79416387897	404.91666399068	402.64165890142	399.88294355500	396.53830951006	392.48573980960	387.58030371135	381.65624411145	374.52509451194	365.97589335678	355.78637294115	343.73038584748	329.60099411496	313.23209350862
30.265331961029	319.48257543953	319.47281412597	319.44046687764	319.38243477846	319.30072861544	319.19556370552	319.06827427255	318.91328451519	318.72717871122	318.50414590344	318.23505202491	317.91018439028	317.51729709441	317.04114939496	316.46297280210	315.76021791855	314.90326525712	313.85719391184	312.57812487959	311.01379290220	309.09849598461	306.75365008391	303.88542052884	300.37987317986	296.10454446992	290.90988752656	284.62233603708	277.05562157396	268.00655592789	257.24098906117
34.345250315507	244.34413036202	244.33949503330	244.32424972170	244.29764053703	244.25988695369	244.21112768860	244.15045889971	244.07684131356	243.98809314138	243.87990297209	243.74833747563	243.58757131062	243.39081433093	243.14925365346	242.85199744244	242.48551813543	242.03273584578	241.47262714169	240.77897038062	239.91929448752	238.85358521147	237.53275539583	235.89703898124	233.87426194880	231.37830873585	228.30792122777	224.54643494046	219.96318466538	214.41773915883	207.76830407877
38.948201099587	187.53638606030	187.53444402659	187.52797297652	187.51648104026	187.49992517219	187.47772292260	187.45029345908	187.41636453722	187.37443199479	187.32241529069	187.25811166671	187.17832354456	187.07910703287	186.95553590351	186.80138884039	186.60886118724	186.36809289963	186.06678525169	185.68957481778	185.21702311279	184.62526020473	183.88454327853	182.95820996848	181.80138769097	180.35962783699	178.56765085784	176.34834916354	173.61245383403	170.25928059302	166.17935672623
44.141235390927	144.43525531302	144.43455618153	144.43191486111	144.42715867800	144.42015745985	144.41084929550	144.39878587008	144.38345133160	144.36401412510	144.33940621017	144.30826049539	144.26882924964	144.21888771029	144.15562540604	144.07552536469	143.97398750851	143.84538936307	143.68253773821	143.47637744841	143.21552190157	142.88570006094	142.46908395787	141.94348283452	141.28143263665	140.44921325766	139.40557759449	138.10101099141	136.47659989649	134.46366347066	131.98409959042
50.000000000000	111.75142007534	111.74855893723	111.73949999236	111.72523088405	111.70834501483	111.69095554125	111.67369789965	111.65646979206	111.63849096631	111.61880196053	111.59642087868	111.57017902392	111.53869599258	111.50030728936	111.45291814949	111.39388932353	111.31989379213	111.22675496387	111.10913595207	110.96033318103	110.77185567581	110.53307756800	110.23064904406	109.84790679007	109.36414909776	108.75382339160	107.98567947668	107.02188432201	105.81727564043	104.31890065198

#dPhi/dz
0	#m
#R(row)\z(col)	0.0000000000000	0.0400000000000	0.0851278715323	0.1360409912583	0.1934810094158	0.2582846534215	0.3313959164593	0.4138798086078	0.5069378708168	0.6119256777272	0.7303725842950	0.8640040038698	1.0147665422511	1.1848563538501	1.3767511330199	1.5932462065724	1.8374952532388	2.1130562432351	2.4239432671319	2.7746850090189	3.1703907157414	3.6168246231808	4.1204899237456	4.6887234982251	5.3298027919616	6.0530663922058	6.8690500631014	7.7896402199175	8.8282470781853	10.000000000000
0.0000000000000	-0.000000000000	2634.2833043022	5299.3764274214	7870.8546295117	10198.289140718	12133.759997616	13568.649098424	14453.157837411	14801.666308880	14687.024843394	14224.304911143	13540.218793085	12746.508688925	11912.412851272	11079.258911183	10258.010008347	9450.2020341227	8657.7870145036	7884.0328123304	7132.6462784374	6407.6785911478	5713.9661919355	5056.6041381306	4440.4284803165	3869.2967558358	3346.3222242177	2873.1542786706	2450.3446206922	2077.2147977666	1751.6269477866
0.2000000000000	-0.000000000000	2550.3010428056	5243.4327379417	7866.0920838136	10212.655733737	12125.767268361	13517.597802933	14357.174615407	14674.408382872	14551.315849931	14102.400796054	13440.760061067	12668.338759747	11852.872188094	11034.667794484	10224.607095189	9424.3701514106	8637.6448811691	7868.5125412279	7120.6985023984	6398.4994152916	5706.9445015047	5051.2443871581	4436.4283850378	3866.3338339834	3344.1500560365	2871.5661298678	2449.2052712194	2076.4054479446	1751.0555944561
0.4256393576616	-0.000000000000	2437.5245227178	5028.1828987004	7584.4256788712	9898.3183249936	11790.529691995	13152.612174443	13958.957584794	14258.778171096	14144.765790991	13733.474531223	13129.376865538	12421.165587511	11662.396413124	10886.474629477	10108.317076240	9334.0171132837	8567.9102426947	7814.5693951789	7078.8985704352	6366.3241051667	5682.3658662954	5032.6465381794	4422.3986866802	3855.9036294562	3336.4830706545	2865.9919668942	2445.1890983916	2073.5430181556	1749.0239475506
0.6802049562913	-0.000000000000	2286.9658976684	4719.2180085042	7124.4645750091	9308.2015717745	11104.195635602	12414.279756668	13209.386315776	13529.152773212	13463.397408367	13125.061390940	12608.444087123	11990.281131967	11315.154259914	10610.371906392	9889.9784124529	9161.9200678184	8432.9536437633	7709.3501391306	6997.3409954898	6303.3984386303	5634.1070682602	4995.9362546827	4394.7535232954	3835.3074109756	3321.3156721244	2854.9588694367	2437.2404325670	2067.8564272360	1744.9911333856
0.9674050470790	-0.000000000000	2101.3147626593	4334.8525932674	6542.7893183008	8552.0124356073	10215.542676154	11445.062353019	12214.604181223	12559.189971016	12557.318564118	12307.988673170	11894.428180219	11382.949952121	10809.675391153	10196.081894515	9554.4014336821	8892.7697484058	8218.9519715917	7540.5577329481	6865.2180081696	6200.7656002099	5555.0689353781	4935.5810427161	4349.1357771388	3801.2095949282	3296.1367757549	2836.5796376015	2423.9684324532	2058.3559978646	1738.2424581759
1.2914232671074	-0.000000000000	1899.2395550071	3915.9030299116	5907.6944013785	7721.7932964409	9231.0138447035	10360.919487780	11089.839252040	11447.883693184	11502.595299436	11339.096932619	11027.868421924	10624.610024073	10158.557623791	9646.3870213979	9097.3018523857	8517.8694866680	7915.2051724975	7297.1268541987	6672.1480766000	6049.2609200988	5437.4187857088	4845.2220809618	4280.4785296366	3749.6650552952	3257.9177561888	2808.5894100705	2403.6905044846	2043.8029053133	1727.8923290430
1.6569795822967	-0.000000000000	1696.6515996659	3495.1402543492	5266.6633468375	6877.9454899976	8222.4650547120	9240.5052373958	9915.3218893788	10272.374228574	10368.959125019	10276.924865897	10055.680591668	9751.5913426015	9387.9855704021	8977.3479973216	8525.6066879670	8036.9043641735	7516.6257226403	6971.5139453899	6409.7141968513	5840.5962286770	5273.5816572397	4718.2084524641	4183.2565180396	3676.2027510762	3203.1241577413	2768.2698242859	2374.3590336789	2022.6966362677	1712.8369620277
2.0693990430390	-0.000000000000	1499.4054784636	3083.8966695211	4637.7573093070	6047.6382553094	7227.0138389149	8128.2706647970	8739.3392872680	9082.4845841564	9205.5052271825	9168.4312761850	9020.8045507723	8801.3136242142	8528.6894465574	8212.1200457771	7854.9139649066	7458.5011018738	7025.9555554802	6562.0352546387	6073.4747450888	5568.6987790819	5057.0498692168	4548.3147491187	4051.8821480360	3576.0779469523	3127.9083638468	2712.5377687754	2333.6103185229	1993.2327032754	1691.7486095905
2.5346893540841	-0.000000000000	1308.3604915094	2685.5168626695	4028.3167329489	5242.0493920868	6258.2702916354	7041.6003931762	7583.7850920770	7903.7137751037	8040.8977370640	8044.7137211670	7955.8125371549	7805.9748589531	7610.7303623334	7377.2136730883	7106.6061208654	6798.2908724895	6453.0205484097	6073.3284901429	5663.8395241737	5231.2436313877	4783.7785183915	4330.7232308222	3881.4456777477	3444.7339395003	3028.2777363401	2638.0984959527	2278.7937492205	1953.3786250808	1663.0673102433
3.0596283886361	-0.000000000000	1122.9604160298	2299.3925461121	3438.3895511709	4462.8238184755	5321.2477942955	5988.8118459984	6460.5788038776	6751.9259675673	6894.3572082300	6927.5153791074	6884.5213410419	6791.4668810144	6661.0415667575	6498.6877172848	6304.4003881625	6076.2844377186	5813.3798328270	5516.1788656237	5187.0713563179	4830.6389270319	4453.3129853806	4063.0809050429	3668.5916142736	3278.4496751634	2900.6133441454	2541.7254830832	2207.1672842964	1900.8854999817	1625.0271154518
3.6518629214750	-0.000000000000	944.45443146735	1928.4020333938	2872.9947387972	3717.4566205229	4425.5918125303	4981.6017336025	5383.2161582422	5642.4695337485	5783.4293650179	5836.8373814257	5829.2503890125	5781.8863044970	5704.8292895143	5602.1138361618	5473.0980208374	5315.3722078978	5126.8986740942	4906.5792945214	4654.9589565625	4374.5670014576	4069.7187342321	3746.6113453886	3412.5020420253	3075.1739544759	2742.2761037798	2420.6325935960	2116.1421175221	1833.5203627081	1575.7911020115
4.3200200193490	-0.000000000000	776.08810938340	1579.4845260835	2343.0231370458	3020.2796151797	3588.1390947383	4038.4781089559	4371.3405745648	4595.7950637422	4729.6058281975	4795.7792500230	4814.6783430003	4802.8142810674	4768.1567383504	4713.7748357902	4638.7836692936	4540.5599126432	4416.5290946524	4264.6653218995	4084.1653763815	3875.7590226040	3641.8892421175	3386.7171855645	3115.7415071186	2835.3593848352	2552.3279083327	2273.1120632944	2003.7132849075	1749.2768744131	1513.5888250022
5.0738327112556	-0.000000000000	621.65488774070	1260.4261617972	1860.3248529109	2387.2365167138	2828.3894167062	3181.8684992929	3449.4290402414	3637.7930692940	3759.5306667670	3831.1791604387	3867.6791153108	3881.4265041102	3878.4937556514	3861.2436851745	3828.7092723031	3778.3552317068	3707.4480044740	3613.5873195736	3495.0620615779	3351.3595738911	3183.3121486418	2993.2510138041	2784.8031738602	2562.6730337738	2332.2648795570	2099.1613824832	1868.9410499776	1646.7955512894	1436.9352249010
5.9242817692504	-0.000000000000	485.17457286856	979.38700527633	1436.9006211969	1833.6933121093	2164.8025246773	2432.6126798717	2640.2560052416	2792.7555044940	2898.5783837316	2969.0531757028	3014.7098676550	3044.5337240408	3062.9949989062	3071.8135191489	3070.0867263643	3055.5811248476	3025.7523747073	2978.0612580048	2910.4485629545	2821.5910400587	2711.1555633531	2580.0073662319	2430.0624708273	2264.2960553153	2086.5196902238	1901.0389398055	1712.5448847565	1525.7782062715	1344.9955204186
6.8837556650996	-0.000000000000	369.32819895570	741.75991373226	1080.5449969269	1369.4569335428	1608.8560162360	1803.9485909666	1958.7444802073	2077.1742891445	2164.7830542116	2228.8622331465	2276.5167383803	2313.9465368420	2344.3537177848	2368.9930442030	2387.0918878795	2396.8076700216	2395.9504643591	2382.1912401128	2353.4096776538	2307.9498895690	2244.7608250452	2163.6264366134	2065.1259200372	1950.7044655930	1822.5887349045	1683.6270143396	1537.2834187389	1387.4381070776	1237.9543162940
7.9662310328621	-0.000000000000	274.03463274245	547.26004952005	790.69482142719	993.83109014923	1160.2608117388	1296.5927691820	1407.2554951844	1495.3980085977	1564.5239866003	1619.0630952468	1663.5560976533	1702.0981181836	1736.8784121478	1768.7931421589	1797.2817048155	1820.9340707130	1838.0124663156	1846.5754292230	1844.7346672623	1830.7999392145	1803.4257492045	1761.7504600120	1705.4477058653	1634.7747557276	1550.6020366360	1454.3595411308	1348.1842578796	1234.8150926383	1117.3430756265
9.1874762661941	-0.000000000000	198.18113852757	393.35050113040	563.15813050987	701.07486087590	812.20589289962	903.48527859377	979.27152613327	1042.0786021724	1094.0748650945	1137.8309919454	1176.0791864809	1211.3627006463	1245.1261533855	1278.0016249541	1309.6167970505	1339.0056552955	1364.9046333497	1385.8493887171	1400.3075273924	1406.8089366489	1404.0158000968	1390.8304078637	1366.4163201927	1330.2580663054	1282.2280225824	1222.6101145483	1152.2902786748	1072.8133850375	986.25567373651
10.565281216176	-0.000000000000	139.92725411640	275.95774811243	391.25762517818	481.91630067122	553.30114285731	611.84876151764	661.52347468855	704.33458142987	741.62952368870	774.83827882205	805.49467982355	835.09452913927	864.54788658469	894.28915280585	924.12937688437	953.46262064146	981.46058508088	1007.1137793691	1029.3102556816	1046.9178746341	1058.8043413495	1063.9155929936	1061.2432699991	1049.9080307589	1029.1773206139	998.54965294725	957.94204743841	907.83855390820	849.27585082386
12.119716335660	-0.000000000000	96.570198661028	189.26983526922	265.75528710587	323.74161232054	368.06182255627	404.17159764657	435.40919654542	463.38526642667	488.97064102933	512.91150325979	536.04267429196	559.18919460040	582.90022263627	607.47449387439	632.85093857853	658.69998925462	684.54517171863	709.74485697660	733.59829091389	755.32149525732	774.08286248641	789.01513679572	799.19071966199	803.66195799536	801.46001602083	791.68244497755	773.64104535387	747.04529444144	712.04939549686
13.873425045095	-0.000000000000	65.037914855549	126.77838589023	176.44575332375	212.72184936637	239.51380238155	261.10786174111	280.13062573446	297.81669128464	314.73680627102	331.30129766567	347.92665141357	365.05578256208	383.00912313523	401.99782660684	422.02332089637	442.95726672977	464.55501615742	486.47831527237	508.33559983608	529.64267434512	549.86730337124	568.38870967031	584.48003472982	597.31281923200	605.95410271585	609.41984523533	606.77864423429	597.29591346378	580.53606949787
15.851953578707	-0.000000000000	42.616793177871	82.722349494383	114.31961610219	136.63443086724	152.56252212525	165.24111468184	176.59804644239	187.53792209211	198.44873284730	209.55530425015	221.07566998851	233.23758995318	246.22621881786	260.18483328099	275.16088280808	291.12344933525	307.98528361714	325.60678797889	343.79276315439	362.29847353482	380.82384764391	398.97914915392	416.26488323019	432.06617090571	445.62256761924	456.08409837085	462.53600230776	464.11747286666	460.09164528916
18.084123115904	-0.000000000000	26.996343534418	52.254657597471	71.872083549651	85.386351415330	94.780376868929	102.19572895736	108.95473682203	115.68570647865	122.65127117920	129.98294674123	137.79468069431	146.20721898336	155.32881485809	165.25678871320	176.05195605499	187.73612555103	200.30353890513	213.71755795525	227.91575068282	242.79290319961	258.21555301917	273.96604853054	289.74892928418	305.15499652473	319.66320280453	332.62765057664	343.30703814989	350.91598756944	354.67123925979
20.602449618728	-0.000000000000	16.411694947293	31.733589986185	43.556764732153	51.610758835931	57.147631498277	61.526433933036	65.601116239940	69.781177188549	74.236703079120	79.053181252932	84.294122647194	90.027694260827	96.320494495476	103.23989218891	110.83696275421	119.16421706687	128.23995971125	138.08446141634	148.69498080950	160.05247620231	172.10854891019	184.76998315828	197.88180545980	211.20977353926	224.43367377814	237.12624185411	248.75900253269	258.72460726477	266.35027668707
23.443617491126	-0.000000000000	9.5008102931409	18.386536347182	25.266995882802	29.975117824193	33.247105302783	35.885485228500	38.403587963983	41.049841894945	43.932539908610	47.101530276487	50.618394087206	54.485122874032	58.784448849505	63.547348944025	68.820592564075	74.647578127667	81.066993131805	88.109307228349	95.800353943737	104.15934461109	113.18371436658	122.84851202301	133.08532696358	143.78116626988	154.76501261320	165.78293608508	176.50154175543	186.51076042521	195.30482589798
26.649013959808	-0.000000000000	5.1988154523519	10.090596505255	13.929833441131	16.620598224205	18.558717561947	20.184144570786	21.781557872683	23.492269981829	25.381650791201	27.484894550882	29.833571814797	32.447640933965	35.365885389312	38.618098579992	42.241670483729	46.268317950916	50.737508922113	55.683595545881	61.132075574188	67.120186173245	73.661148298487	80.764716241100	88.414389927049	96.565832534692	105.13880950839	114.00585837639	122.97771135875	131.80620916011	140.16334459169
30.265331961029	-0.000000000000	2.6712299663179	5.2111963301187	7.2531352321678	8.7478841501182	9.8889182932491	10.898409715148	11.922639167764	13.036814503191	14.279293520272	15.673025553753	17.237772149536	18.993842678394	20.962918058016	23.168392766955	25.636629802427	28.394648369492	31.470938944612	34.894484657856	38.694476343647	42.899503202864	47.532091541257	52.610795436654	58.143123051790	64.120141259684	70.512129320076	77.260081021041	84.264310038510	91.375498654843	98.353387691019
34.345250315507	-0.000000000000	1.2981079465739	2.5541952154561	3.6044699814293	4.4265937922112	5.1063819524338	5.7467620460502	6.4164759534411	7.1538634630844	7.9790777857215	8.9069779182588	9.9512548556606	11.125857184665	12.446333218218	13.929720390054	15.594658480750	17.461309769362	19.551234178597	21.887204558854	24.492709692642	27.391305275089	30.605526983308	34.155341164938	38.055965857280	42.314867266380	46.927721255372	51.873129543502	57.106132085282	62.550809634249	68.092707370899
38.948201099587	-0.000000000000	0.6051958506093	1.2059340840561	1.7384629130306	2.1922546920233	2.6036260317023	3.0143963015612	3.4568687266754	3.9480944741532	4.4998264348588	5.1207729857728	5.8201464446549	6.6075935847515	7.4938466507062	8.4907645441927	9.6114492579664	10.870252506537	12.282792433219	13.866010541705	15.637442606004	17.615882423366	19.820152997872	22.268564253203	24.977783947952	27.961196676629	31.226649938874	34.773613645150	38.589008120333	42.642744332090	46.882107144125
44.141235390927	-0.000000000000	0.2811776134961	0.5698870307495	0.8443481758315	1.1014960320989	1.3551738156214	1.6226213508592	1.9157667838948	2.2437744623298	2.6128441934710	3.0286069967170	3.4971822037082	4.0251316119307	4.6198188774053	5.2894804986815	6.0431020727763	6.8908156144385	7.8436821959045	8.9137801427968	10.114127991696	11.458759099142	12.962246777646	14.639561894089	16.505463501514	18.573714542078	20.855760226490	23.359248927470	26.085653319768	29.027377592225	32.164113393840
50.000000000000	-0.000000000000	0.1177448059175	0.2462762801710	0.3832765552718	0.5295828517069	0.6885515183852	0.8646385327433	1.0616822007053	1.2835030092958	1.5331992610198	1.8146032167042	2.1317079969849	2.4889977115315	2.8914982694122	3.3448225844781	3.8552308939983	4.4296966319677	5.0759545500630	5.8024983696479	6.6186575750087	7.5345086501355	8.5608875222864	9.7092180894021	10.991278186311	12.418803771107	14.002859521445	15.753022109424	17.676083585335	19.774384647674	22.043575693768
