Multipole
50	#n_radial
4	#l_max
0	#unused
#Phi
#radius	l=0,m=0	l=1,m=-1	l=1,m=0	l=1,m=1	l=2,m=-2	l=2,m=-1	l=2,m=0	l=2,m=1	l=2,m=2	l=3,m=-3	l=3,m=-2	l=3,m=-1	l=3,m=0	l=3,m=1	l=3,m=2	l=3,m=3	l=4,m=-4	l=4,m=-3	l=4,m=-2	l=4,m=-1	l=4,m=0	l=4,m=1	l=4,m=2	l=4,m=3	l=4,m=4
0.0100000000000	-633169.4958187	0	0	0	0	0	-0.775780041230	0	0	0	0	0	0	0	0	0	0	0	0	0	-0.029461498195	0	0	0	0
0.0130709005487	-633136.5717675	0	0	0	0	0	-1.097803235557	0	0	0	0	0	0	0	0	0	0	0	0	0	-0.044983041414	0	0	0	0
0.0170848441153	-633086.2898661	0	0	0	0	0	-1.527979687619	0	0	0	0	0	0	0	0	0	0	0	0	0	-0.068666944455	0	0	0	0
0.0223314298321	-633009.4989182	0	0	0	0	0	-2.079671864411	0	0	0	0	0	0	0	0	0	0	0	0	0	-0.104776700915	0	0	0	0
0.0291891898445	-632892.2231406	0	0	0	0	0	-2.742356860189	0	0	0	0	0	0	0	0	0	0	0	0	0	-0.159747238424	0	0	0	0
0.0381528997554	-632713.1186020	0	0	0	0	0	-3.447120285265	0	0	0	0	0	0	0	0	0	0	0	0	0	-0.243183274874	0	0	0	0
0.0498692758346	-632439.5886744	0	0	0	0	0	-3.998432844093	0	0	0	0	0	0	0	0	0	0	0	0	0	-0.369103007026	0	0	0	0
0.0651836344869	-632021.8515199	0	0	0	0	0	-3.943434050234	0	0	0	0	0	0	0	0	0	0	0	0	0	-0.557017237068	0	0	0	0
0.0852008803779	-631383.8799067	0	0	0	0	0	-2.326983841245	0	0	0	0	0	0	0	0	0	0	0	0	0	-0.831183197864	0	0	0	0
0.1113652234079	-630409.5662972	0	0	0	0	0	2.7533833622759	0	0	0	0	0	0	0	0	0	0	0	0	0	-1.212015580063	0	0	0	0
0.1455643759746	-628922.7958668	0	0	0	0	0	14.162619800812	0	0	0	0	0	0	0	0	0	0	0	0	0	-1.627596551786	0	0	0	0
0.1902657481793	-626668.7677034	0	0	0	0	0	34.800063513671	0	0	0	0	0	0	0	0	0	0	0	0	0	-1.758780508267	0	0	0	0
0.2486944672271	-623297.0677900	0	0	0	0	0	67.242277934529	0	0	0	0	0	0	0	0	0	0	0	0	0	-1.432131079641	0	0	0	0
0.3250660648130	-618344.3702665	0	0	0	0	0	110.94444934128	0	0	0	0	0	0	0	0	0	0	0	0	0	-0.896077123291	0	0	0	0
0.4248906204920	-611225.5859402	0	0	0	0	0	160.67275047047	0	0	0	0	0	0	0	0	0	0	0	0	0	-0.673727538419	0	0	0	0
0.5553703044515	-601241.3427953	0	0	0	0	0	210.42064761987	0	0	0	0	0	0	0	0	0	0	0	0	0	-0.808586268912	0	0	0	0
0.7259190017171	-587619.6787741	0	0	0	0	0	251.78720166162	0	0	0	0	0	0	0	0	0	0	0	0	0	-1.200899848278	0	0	0	0
0.9488415077837	-569603.0778870	0	0	0	0	0	277.64917678509	0	0	0	0	0	0	0	0	0	0	0	0	0	-2.219300987243	0	0	0	0
1.2402212984694	-546577.3012819	0	0	0	0	0	282.71648204863	0	0	0	0	0	0	0	0	0	0	0	0	0	-2.792987293921	0	0	0	0
1.6210809250640	-518228.7793208	0	0	0	0	0	265.18929144118	0	0	0	0	0	0	0	0	0	0	0	0	0	-3.200957526496	0	0	0	0
2.1188987552862	-484696.5351052	0	0	0	0	0	227.09845994691	0	0	0	0	0	0	0	0	0	0	0	0	0	-4.917875145571	0	0	0	0
2.7695914903054	-446645.7766919	0	0	0	0	0	187.42702162620	0	0	0	0	0	0	0	0	0	0	0	0	0	-2.472558463586	0	0	0	0
3.6201054930233	-405249.6067274	0	0	0	0	0	144.25637309623	0	0	0	0	0	0	0	0	0	0	0	0	0	-0.952410624017	0	0	0	0
4.7318038875014	-362023.5107378	0	0	0	0	0	103.18993806645	0	0	0	0	0	0	0	0	0	0	0	0	0	-0.153503074691	0	0	0	0
6.1848938029356	-318597.1304544	0	0	0	0	0	69.576251096756	0	0	0	0	0	0	0	0	0	0	0	0	0	0.0108081695548	0	0	0	0
8.0842131802276	-276480.2410859	0	0	0	0	0	44.481234473885	0	0	0	0	0	0	0	0	0	0	0	0	0	0.0637636183820	0	0	0	0
10.566794649303	-236892.9577147	0	0	0	0	0	27.273883337705	0	0	0	0	0	0	0	0	0	0	0	0	0	-0.185553610857	0	0	0	0
13.811752197929	-200680.3939267	0	0	0	0	0	16.002709648500	0	0	0	0	0	0	0	0	0	0	0	0	0	-0.350713338386	0	0	0	0
18.053203938205	-168312.0034186	0	0	0	0	0	9.6034467560708	0	0	0	0	0	0	0	0	0	0	0	0	0	-0.350975195149	0	0	0	0
23.597163326119	-139938.8581669	0	0	0	0	0	5.8872401005887	0	0	0	0	0	0	0	0	0	0	0	0	0	-0.150904050271	0	0	0	0
30.843617506651	-115471.4508736	0	0	0	0	0	3.9862915868559	0	0	0	0	0	0	0	0	0	0	0	0	0	-0.284723375218	0	0	0	0
40.315385699075	-94658.48945738	0	0	0	0	0	3.0504170405930	0	0	0	0	0	0	0	0	0	0	0	0	0	-0.352109496249	0	0	0	0
52.695839705401	-77155.21506117	0	0	0	0	0	2.1506513101721	0	0	0	0	0	0	0	0	0	0	0	0	0	0.0435111885122	0	0	0	0
68.878208011812	-62577.13677078	0	0	0	0	0	1.2696569085987	0	0	0	0	0	0	0	0	0	0	0	0	0	0.0458878877047	0	0	0	0
90.030020689322	-50533.62455845	0	0	0	0	0	0.5923023189379	0	0	0	0	0	0	0	0	0	0	0	0	0	0.0388479188141	0	0	0	0
117.67734468251	-40652.44812676	0	0	0	0	0	0.2101103094348	0	0	0	0	0	0	0	0	0	0	0	0	0	0.0185770254428	0	0	0	0
153.81488691771	-32593.24964277	0	0	0	0	0	0.0367913617532	0	0	0	0	0	0	0	0	0	0	0	0	0	0.0029908353346	0	0	0	0
201.04990898068	-26053.57858081	0	0	0	0	0	-0.045020247680	0	0	0	0	0	0	0	0	0	0	0	0	0	0.0035074962873	0	0	0	0
262.79033656062	-20770.44290777	0	0	0	0	0	-0.103401085755	0	0	0	0	0	0	0	0	0	0	0	0	0	0.0040515623036	0	0	0	0
343.49063543363	-16518.94960364	0	0	0	0	0	-0.175412734361	0	0	0	0	0	0	0	0	0	0	0	0	0	4.9944719184e-4	0	0	0	0
448.97319351535	-13109.34355692	0	0	0	0	0	-0.302007145928	0	0	0	0	0	0	0	0	0	0	0	0	0	-0.023431028584	0	0	0	0
586.84839614594	-10383.15169796	0	0	0	0	0	-0.460210928400	0	0	0	0	0	0	0	0	0	0	0	0	0	-0.059334461763	0	0	0	0
767.06370231720	-8209.286755565	0	0	0	0	0	-0.730800185583	0	0	0	0	0	0	0	0	0	0	0	0	0	-0.152451639250	0	0	0	0
1002.6213367485	-6479.667042827	0	0	0	0	0	-0.549544245192	0	0	0	0	0	0	0	0	0	0	0	0	0	-0.103607987114	0	0	0	0
1310.5163780618	-5106.604002609	0	0	0	0	0	-0.233663641585	0	0	0	0	0	0	0	0	0	0	0	0	0	-0.021143918205	0	0	0	0
1712.9629245053	-4018.961661648	0	0	0	0	0	-0.106337694389	0	0	0	0	0	0	0	0	0	0	0	0	0	-0.004842156954	0	0	0	0
2238.9968029773	-3158.946708247	0	0	0	0	0	-0.046990140665	0	0	0	0	0	0	0	0	0	0	0	0	0	-0.001031289283	0	0	0	0
2926.5704540514	-2480.036623623	0	0	0	0	0	-0.020660634501	0	0	0	0	0	0	0	0	0	0	0	0	0	5.4698050185e-5	0	0	0	0
3825.2911353591	-1944.899656846	0	0	0	0	0	-0.008489534112	0	0	0	0	0	0	0	0	0	0	0	0	0	5.7299007721e-4	0	0	0	0
5000.0000000000	-1523.673611888	0	0	0	0	0	-0.003240708839	0	0	0	0	0	0	0	0	0	0	0	0	0	6.6962213791e-4	0	0	0	0

#dPhi/dr
#radius	l=0,m=0	l=1,m=-1	l=1,m=0	l=1,m=1	l=2,m=-2	l=2,m=-1	l=2,m=0	l=2,m=1	l=2,m=2	l=3,m=-3	l=3,m=-2	l=3,m=-1	l=3,m=0	l=3,m=1	l=3,m=2	l=3,m=3	l=4,m=-4	l=4,m=-3	l=4,m=-2	l=4,m=-1	l=4,m=0	l=4,m=1	l=4,m=2	l=4,m=3	l=4,m=4
0.0100000000000	9874.3442058586	0	0	0	0	0	-102.5684142652	0	0	0	0	0	0	0	0	0	0	0	0	0	-4.656473016412	0	0	0	0
0.0130709005487	11537.222010767	0	0	0	0	0	-106.5331662596	0	0	0	0	0	0	0	0	0	0	0	0	0	-5.437332814661	0	0	0	0
0.0170848441153	13480.131005682	0	0	0	0	0	-107.0788109119	0	0	0	0	0	0	0	0	0	0	0	0	0	-6.345616167883	0	0	0	0
0.0223314298321	15750.230481146	0	0	0	0	0	-102.3745487761	0	0	0	0	0	0	0	0	0	0	0	0	0	-7.397755647739	0	0	0	0
0.0291891898445	18402.621029577	0	0	0	0	0	-89.89586659214	0	0	0	0	0	0	0	0	0	0	0	0	0	-8.606753392845	0	0	0	0
0.0381528997554	21501.682082305	0	0	0	0	0	-66.18936073394	0	0	0	0	0	0	0	0	0	0	0	0	0	-9.973960724735	0	0	0	0
0.0498692758346	25122.634610681	0	0	0	0	0	-26.56161117458	0	0	0	0	0	0	0	0	0	0	0	0	0	-11.47004889757	0	0	0	0
0.0651836344869	29353.366943392	0	0	0	0	0	35.331845360852	0	0	0	0	0	0	0	0	0	0	0	0	0	-12.99172894437	0	0	0	0
0.0852008803779	34296.568029352	0	0	0	0	0	128.02885535146	0	0	0	0	0	0	0	0	0	0	0	0	0	-14.26418357186	0	0	0	0
0.1113652234079	40071.424108204	0	0	0	0	0	260.82635827582	0	0	0	0	0	0	0	0	0	0	0	0	0	-14.46933801322	0	0	0	0
0.1455643759746	46704.269619051	0	0	0	0	0	397.52877001535	0	0	0	0	0	0	0	0	0	0	0	0	0	-8.638908227346	0	0	0	0
0.1902657481793	53882.304935058	0	0	0	0	0	515.51954716633	0	0	0	0	0	0	0	0	0	0	0	0	0	2.1326637009627	0	0	0	0
0.2486944672271	61183.970678559	0	0	0	0	0	579.00105065296	0	0	0	0	0	0	0	0	0	0	0	0	0	7.4409388294729	0	0	0	0
0.3250660648130	68096.863481159	0	0	0	0	0	550.16137186783	0	0	0	0	0	0	0	0	0	0	0	0	0	5.5903733897340	0	0	0	0
0.4248906204920	74056.560601318	0	0	0	0	0	444.68978383290	0	0	0	0	0	0	0	0	0	0	0	0	0	-0.522480655819	0	0	0	0
0.5553703044515	78477.148366513	0	0	0	0	0	318.14640895277	0	0	0	0	0	0	0	0	0	0	0	0	0	-1.030316602845	0	0	0	0
0.7259190017171	80759.323281668	0	0	0	0	0	177.03640175375	0	0	0	0	0	0	0	0	0	0	0	0	0	-4.220243991004	0	0	0	0
0.9488415077837	80433.171857248	0	0	0	0	0	64.041829437266	0	0	0	0	0	0	0	0	0	0	0	0	0	-3.326513399825	0	0	0	0
1.2402212984694	77282.672894621	0	0	0	0	0	-19.08930417978	0	0	0	0	0	0	0	0	0	0	0	0	0	-1.211540510355	0	0	0	0
1.6210809250640	71422.325763133	0	0	0	0	0	-67.15065289426	0	0	0	0	0	0	0	0	0	0	0	0	0	-2.442595088631	0	0	0	0
2.1188987552862	63349.152303281	0	0	0	0	0	-73.40640188420	0	0	0	0	0	0	0	0	0	0	0	0	0	-0.565236975718	0	0	0	0
2.7695914903054	53869.016536570	0	0	0	0	0	-54.57293638416	0	0	0	0	0	0	0	0	0	0	0	0	0	4.0155621459652	0	0	0	0
3.6201054930233	43921.898272770	0	0	0	0	0	-45.06322342011	0	0	0	0	0	0	0	0	0	0	0	0	0	0.8732792439884	0	0	0	0
4.7318038875014	34402.920643377	0	0	0	0	0	-29.79482847667	0	0	0	0	0	0	0	0	0	0	0	0	0	0.4363870789636	0	0	0	0
6.1848938029356	25962.884020427	0	0	0	0	0	-17.72997433668	0	0	0	0	0	0	0	0	0	0	0	0	0	-0.008534790923	0	0	0	0
8.0842131802276	18949.658161393	0	0	0	0	0	-9.601635742574	0	0	0	0	0	0	0	0	0	0	0	0	0	-0.032742163789	0	0	0	0
10.566794649303	13431.321698534	0	0	0	0	0	-5.020047489570	0	0	0	0	0	0	0	0	0	0	0	0	0	-0.078821330314	0	0	0	0
13.811752197929	9283.9099823510	0	0	0	0	0	-2.249484325459	0	0	0	0	0	0	0	0	0	0	0	0	0	-0.044232579988	0	0	0	0
18.053203938205	6282.3418538030	0	0	0	0	0	-1.018880385409	0	0	0	0	0	0	0	0	0	0	0	0	0	0.0402410430518	0	0	0	0
23.597163326119	4175.9245278021	0	0	0	0	0	-0.419983406190	0	0	0	0	0	0	0	0	0	0	0	0	0	0.0154021507705	0	0	0	0
30.843617506651	2734.6649429312	0	0	0	0	0	-0.149513405202	0	0	0	0	0	0	0	0	0	0	0	0	0	-0.040941363519	0	0	0	0
40.315385699075	1768.7061352515	0	0	0	0	0	-0.079705529009	0	0	0	0	0	0	0	0	0	0	0	0	0	0.0369609839009	0	0	0	0
52.695839705401	1132.0130414384	0	0	0	0	0	-0.064181730109	0	0	0	0	0	0	0	0	0	0	0	0	0	0.0094678587124	0	0	0	0
68.878208011812	718.13528201362	0	0	0	0	0	-0.044540614046	0	0	0	0	0	0	0	0	0	0	0	0	0	-8.496400275e-4	0	0	0	0
90.030020689322	452.19919443006	0	0	0	0	0	-0.021636811457	0	0	0	0	0	0	0	0	0	0	0	0	0	-4.767955929e-4	0	0	0	0
117.67734468251	282.93433170698	0	0	0	0	0	-0.008126558474	0	0	0	0	0	0	0	0	0	0	0	0	0	-7.502217840e-4	0	0	0	0
153.81488691771	176.06091451071	0	0	0	0	0	-0.002764357032	0	0	0	0	0	0	0	0	0	0	0	0	0	-1.255883818e-4	0	0	0	0
201.04990898068	109.03830778068	0	0	0	0	0	-0.001108512221	0	0	0	0	0	0	0	0	0	0	0	0	0	4.6051742518e-5	0	0	0	0
262.79033656062	67.251185997510	0	0	0	0	0	-9.046789788e-4	0	0	0	0	0	0	0	0	0	0	0	0	0	-2.653517109e-5	0	0	0	0
343.49063543363	41.327957134070	0	0	0	0	0	-8.983047888e-4	0	0	0	0	0	0	0	0	0	0	0	0	0	-6.544908700e-5	0	0	0	0
448.97319351535	25.315730013109	0	0	0	0	0	-0.001478232228	0	0	0	0	0	0	0	0	0	0	0	0	0	-3.813563311e-4	0	0	0	0
586.84839614594	15.463787324778	0	0	0	0	0	-9.977896793e-4	0	0	0	0	0	0	0	0	0	0	0	0	0	-2.130823037e-4	0	0	0	0
767.06370231720	9.4217350773028	0	0	0	0	0	-0.001129420815	0	0	0	0	0	0	0	0	0	0	0	0	0	-4.783517670e-4	0	0	0	0
1002.6213367485	5.7291523639353	0	0	0	0	0	0.0016819572275	0	0	0	0	0	0	0	0	0	0	0	0	0	5.2789068880e-4	0	0	0	0
1310.5163780618	3.4751955747647	0	0	0	0	0	5.0333474615e-4	0	0	0	0	0	0	0	0	0	0	0	0	0	8.1091012766e-5	0	0	0	0
1712.9629245053	2.1040673607321	0	0	0	0	0	1.9220333712e-4	0	0	0	0	0	0	0	0	0	0	0	0	0	1.8124005848e-5	0	0	0	0
2238.9968029773	1.2717199229828	0	0	0	0	0	6.3425173624e-5	0	0	0	0	0	0	0	0	0	0	0	0	0	2.6511633408e-6	0	0	0	0
2926.5704540514	0.7674384408004	0	0	0	0	0	2.2193310735e-5	0	0	0	0	0	0	0	0	0	0	0	0	0	9.1006020198e-7	0	0	0	0
3825.2911353591	0.4624550678198	0	0	0	0	0	7.7690115201e-6	0	0	0	0	0	0	0	0	0	0	0	0	0	3.0398091028e-7	0	0	0	0
5000.0000000000	0.2783030605931	0	0	0	0	0	2.4310214419e-6	0	0	0	0	0	0	0	0	0	0	0	0	0	-4.090050579e-8	0	0	0	0
